1.76297
3.90023
3.35022
4.58092
4.56403
1.32683
2.78434
0.716489
2.48981
3.58744
-0.582783
5.93243
2.32219
1.70111
0.0859931
4.7514
2.68172
4.55045
6.28042
3.43616
7.17651
3.63832
0.637036
0.0436594
1.52166
1.90855
1.92104
3.84035
1.70169
1.31903
2.87861
3.58257
5.41878
2.02834
1.29078
5.27264
-0.110371
3.73615
5.67552
2.64866
4.13497
1.84825
3.17386
2.88789
4.28898
4.6938
2.00055
2.31168
2.90117
4.52933
2.144
2.87995
2.72668
0.222636
2.89246
4.09835
1.52971
3.12027
4.73281
1.54385
1.34781
3.99306
6.34606
4.6472
6.7474
1.99858
3.21832
4.68163
1.8663
0.441638
3.95551
1.14376
3.32866
5.90589
2.94532
7.84616
3.13044
3.01815
3.57481
0.853981
4.44394
4.331
1.76606
1.23662
2.09697
1.91282
3.5308
5.89497
1.43548
1.83891
3.71475
-0.355366
2.15794
1.0969
3.66344
3.35733
2.45518
2.49753
2.61454
3.59814
3.41076
8.68832
1.57762
4.79445
5.507
5.72895
3.10094
1.09618
1.6849
2.67428
3.54439
1.13732
0.415444
-1.27005
3.17523
4.50136
4.24717
2.74079
8.30289
1.14689
6.25779
6.35973
2.98418
2.82241
3.68229
4.07204
0.575629
2.82895
1.64925
1.06837
4.68605
3.26658
5.28207
2.40954
3.14103
3.70859
1.77562
3.55249
2.929
2.96283
2.86901
1.77111
1.96097
1.30173
3.65433
3.65843
6.24457
3.84355
-0.37715
4.27415
3.12126
3.18998
7.45879
3.09381
1.92015
3.82298
8.07714
1.56375
4.29658
1.98919
2.74715
0.559576
2.16557
0.637211
2.33272
2.51797
-1.35953
2.14591
3.98706
1.81127
2.76978
1.83807
-0.00443777
3.29672
3.25916
0.742369
3.18607
2.33415
4.91578
5.28879
2.15619
2.31565
4.31329
4.93289
1.89713
2.17713
5.22502
2.87937
1.99558
1.69542
2.457
2.44835
1.84469
4.03606
3.33443
1.86209
4.05618
1.45911
5.83208
1.88708
2.78392
-0.866041
0.831249
2.12012
3.97869
4.51006
5.57868
2.59217
3.10763
6.72595
1.47599
4.65246
2.67397
5.50625
3.89398
-0.515874
0.447702
1.46186
4.22362
3.53187
0.947234
3.92132
3.19841
2.36323
1.22789
5.72825
-0.827957
1.10765
3.40643
3.52916
0.823159
3.31914
2.37978
3.64377
1.21165
4.26827
8.80857
4.25137
3.19318
4.15923
3.38207
4.62124
3.6084
1.70668
2.46558
0.139964
-1.26578
1.95881
3.04365
3.12073
3.57395
4.14365
1.7565
3.27686
0.609662
0.561168
1.69536
-10.0501
10.8912
1.74048
7.01522
4.41478
3.28436
1.85994
6.25288
7.3294
0.940584
1.14761
1.47096
4.37009
3.45057
5.16453
2.35099
2.38879
2.73973
2.41722
1.29066
2.12078
4.74746
1.9368
4.03361
0.507683
1.88853
4.01901
4.29484
3.50722
3.81262
5.18228
3.09406
2.82046
1.56269
1.05726
4.51026
1.58919
1.27487
-0.44906
-0.316655
1.35472
4.13827
1.95448
4.54868
3.17939
1.74672
5.42031
1.35884
4.19788
5.22587
4.52814
-5.3788
3.12205
4.71813
4.8774
4.72765
2.89057
0.811635
5.68392
2.44353
4.95393
1.38745
-10.1853
1.63902
1.5405
2.3952
0.677519
3.68593
4.29335
2.30125
3.97165
3.32485
2.93164
2.09407
5.77256
3.36339
4.61097
3.54645
3.63194
2.76767
5.65882
3.2306
1.0255
4.232
3.26959
6.31684
4.38925
1.94915
2.95437
-0.85024
2.9823
5.43201
6.48443
5.61285
0.138663
2.92648
1.40818
4.14874
0.599623
0.604405
4.09514
5.00129
5.45443
1.06664
6.67653
1.77973
-5.2755
3.72468
5.4533
3.46798
4.53412
2.75476
3.11267
2.55814
0.419139
3.39361
3.12215
2.80233
2.17721
4.86451
2.43713
1.79797
-1.55707
3.0323
5.01692
2.98855
1.00417
4.64442
4.16148
5.7005
-0.124265
2.05126
1.49982
2.8165
1.71854
1.69119
6.35667
6.0631
3.03185
3.12867
4.89352
6.51535
0.138041
4.8417
4.08314
4.56274
5.13302
1.53325
3.46188
4.17913
5.82221
3.16663
1.78292
0.95363
6.17687
2.54499
8.74278
1.53336
3.99218
-4.08523
2.87056
2.51045
1.44351
3.36651
3.38805
2.83526
-0.0759188
1.00974
5.37709
2.74795
3.15952
1.36835
3.87704
0.285604
2.88248
-0.421024
4.34798
3.85825
4.06407
2.04882
8.96193
4.67207
3.37858
1.73049
-3.05649
6.49712
2.96683
4.20111
2.17666
5.46373
1.40095
4.34266
3.84655
0.301322
0.604804
7.27574
2.20421
0.4038
1.77663
4.09652
3.36647
7.66013
3.01264
4.07066
2.66803
1.55346
4.06065
2.53233
3.04879
3.36411
3.44856
0.254476
6.17766
3.88018
1.83636
0.385562
3.80738
3.10699
4.7804
2.3631
2.20016
0.596227
4.01624
1.79899
1.91753
2.64709
2.96631
3.31609
0.637417
4.25296
2.26746
2.71128
4.1279
5.13249
3.66222
2.06064
3.75421
0.481226
1.55888
7.95406
5.88202
1.06161
3.34351
