2.83328
4.16019
3.13964
2.97871
3.95015
3.77772
2.76356
2.7335
2.73075
2.82253
1.97506
2.69832
3.37985
1.99183
2.12275
2.9399
2.90983
2.92327
2.4965
3.13268
2.64465
2.91428
3.0745
3.15586
3.37345
1.86135
3.84483
2.97079
2.42355
3.84755
4.21051
1.79494
2.29799
2.8417
5.25605
2.47813
2.6109
3.46819
3.04337
3.06461
3.40928
3.79941
2.79935
2.75982
0.83734
2.92451
2.67619
2.89704
2.64615
3.44607
3.25637
0.5539
4.68786
2.98732
3.87975
0.754353
2.85749
1.24699
1.38293
3.56814
1.91555
3.49834
4.31964
2.23824
1.22329
2.76775
2.10463
3.3193
3.40899
4.07441
1.81419
2.18376
2.5873
1.72908
0.0357932
2.86101
3.52674
2.39596
3.31675
2.28617
1.75382
3.08773
2.35053
2.69072
2.67794
3.15669
2.92183
3.32676
1.22416
3.08805
3.57802
4.19057
2.7671
2.25701
3.51337
2.66976
2.70558
1.2178
3.01284
2.67449
2.70187
2.50561
3.36164
3.0892
2.82797
2.57914
5.15107
2.37079
1.17574
2.34334
3.1114
2.1404
2.35047
3.86042
3.03305
2.87405
2.64621
2.74127
2.71594
2.59645
1.87117
2.50233
2.67965
2.87131
3.26232
3.1179
3.12266
2.66044
3.88011
2.97308
2.72754
2.09795
1.90508
2.87273
1.46032
2.73637
0.454809
4.28937
2.97455
4.16071
2.86849
3.33205
3.13601
2.40011
3.34624
3.12886
3.21392
1.0408
3.08729
3.58956
3.55207
2.84396
1.96265
3.63154
3.27228
3.08425
2.43696
3.42888
4.35058
2.85816
1.77606
2.40604
2.60231
3.02143
3.10597
2.98176
3.48048
2.52507
3.59493
4.06646
0.476177
3.81785
3.61636
7.47674
4.36965
2.90438
3.38117
3.04186
2.98999
3.85521
2.77753
2.57989
2.64319
2.18863
2.07531
3.53241
2.85449
2.04893
2.88687
2.29454
2.6407
3.20644
3.03082
3.14364
2.99125
3.94242
2.14806
2.4128
4.98908
3.22957
3.03271
2.66169
2.61758
2.61457
2.94554
3.62873
3.6428
2.36458
3.22025
1.97445
1.46446
-0.93499
3.39425
2.96772
3.33745
1.9124
2.29955
2.2807
3.14108
3.46487
3.23333
4.07876
2.93848
3.64157
3.03285
2.96923
3.10563
2.23029
3.02508
3.00262
3.29689
3.58251
3.90358
4.70614
3.51
2.23669
3.19199
3.03414
2.58223
2.57312
3.00396
3.35828
3.09228
2.85909
2.45507
2.26431
2.48949
2.75276
3.26657
3.71099
1.19391
3.38996
4.20406
3.33104
2.58379
3.07138
2.4884
2.64157
3.62223
2.97836
2.4368
3.438
1.31082
3.02163
3.28822
3.1631
2.55344
3.04155
4.00475
2.92146
2.44024
3.38003
3.26884
2.87334
2.50029
3.1765
2.13986
2.22041
3.10699
2.72646
3.82857
2.4089
2.44372
3.16403
3.42324
3.64176
4.4545
2.36253
3.19941
2.978
3.03982
3.92362
2.99548
4.07441
3.45737
2.98613
3.26977
2.57201
2.71257
1.77821
2.74077
3.40644
3.01337
0.603489
3.29747
3.62454
1.4116
2.69095
3.58943
2.42594
3.24916
2.47438
3.0576
3.04559
2.67024
3.46683
2.88837
2.45009
3.03348
2.07787
2.29694
2.77572
2.78211
3.90253
4.20612
-2.46275
2.53334
2.08968
0.826925
1.48228
2.9305
3.30699
3.72611
2.57578
3.61758
2.7215
2.38536
2.90864
3.85278
2.0195
3.24593
3.99972
1.23154
2.68051
3.81971
3.3056
2.17409
2.28046
2.43717
3.0012
-0.565761
3.90258
2.94555
2.69418
2.48634
2.98012
2.99674
3.15032
1.67873
4.02192
1.94503
2.53183
2.97065
3.92677
3.14238
2.1959
1.91973
4.42884
4.12147
2.90478
3.80279
2.77926
3.59098
2.58404
1.28763
0.65396
2.97884
3.64782
3.16411
2.24097
2.20001
3.62879
2.29725
3.42452
2.00659
2.50703
2.74195
3.70159
2.76669
2.96334
3.19918
3.11659
2.34766
1.9315
3.52141
3.82283
2.92246
3.3126
2.76081
1.91047
3.48166
2.58934
3.22678
3.03872
2.67209
2.62775
2.3993
4.04867
4.18486
2.3566
2.81537
3.36432
3.86406
2.68197
3.02397
3.50162
4.46132
4.03073
1.20872
1.74807
1.92003
2.71872
3.63179
2.82479
2.95184
3.29659
2.56598
2.76637
3.63308
1.36435
3.68483
4.11989
2.79204
2.55854
0.706342
2.32019
2.81514
2.4793
2.49946
2.59902
2.74961
4.28325
2.06717
2.80219
2.70887
2.59062
3.16891
3.03398
3.84755
3.73667
3.01757
4.50754
3.01664
1.67529
2.67785
1.91346
2.80174
2.34087
3.70975
3.24597
4.40261
1.9228
3.096
1.90942
2.80737
3.79037
3.5803
3.45713
2.39479
4.35235
2.69299
2.58578
2.77818
2.76636
3.25572
0.847195
4.5449
5.19015
2.15839
3.02488
3.79583
-2.02558
3.30349
3.69458
3.91355
2.74682
3.35818
2.8794
3.07885
1.76358
3.82622
2.93441
2.96553
2.85237
4.25229
2.00847
2.81174
2.91428
3.937
2.843
