-2.66507
0.00149591
3.39579
2.92559
5.88569
5.18894
3.51492
4.51627
0.995745
1.84401
1.834
-1.28175
0.742337
-1.76633
5.59369
4.64485
5.32764
5.26875
-7.17085
2.6451
6.73045
3.4637
0.52217
1.51657
6.85219
3.67236
-0.813199
3.89541
-6.89595
4.23821
-7.90326
-0.910238
0.16442
3.2058
-0.779245
4.90846
1.04873
5.15273
1.60283
6.96091
3.53502
2.7833
0.266313
7.33298
1.08149
5.83357
3.82269
2.51627
7.14214
-0.592938
2.40446
0.228633
17.1851
1.67905
5.60436
6.8296
3.1102
3.03931
4.78338
5.31424
7.72062
3.0838
3.94403
2.67009
-2.85931
5.23443
-2.67675
2.26556
0.768866
3.83899
2.09223
0.588802
9.07426
1.11395
1.80058
0.407082
1.6236
4.69291
-3.45841
3.72867
3.84945
11.1033
4.21614
2.69957
7.43364
5.13516
3.2557
-5.25892
3.14725
-0.418768
-1.47809
3.74898
4.79809
2.70368
0.58578
-3.13364
21.152
4.60509
-0.168382
5.44129
3.98343
3.16497
0.993553
1.58738
-1.63786
6.78317
2.56386
2.48578
1.38359
1.68464
0.0868176
3.71314
0.902828
-0.26637
1.21868
2.38307
5.81771
-3.86773
2.03756
1.73739
3.15678
7.99229
3.85306
2.17131
3.54847
3.03862
0.278191
0.304439
2.91782
6.55002
4.68863
1.80475
4.26965
-10.2377
0.900892
2.4321
-0.576602
2.95559
4.50034
-6.75432
3.65344
0.106159
-0.932794
6.17103
-3.22798
7.41188
0.561038
7.90404
-0.699581
1.71395
3.57077
3.09218
4.6672
8.64257
4.87349
0.29098
3.09194
1.18973
-3.92205
2.98445
3.74037
2.85634
1.6554
5.61336
4.66335
3.77728
3.81204
5.12836
7.34405
5.89183
5.24414
4.91628
5.77899
3.75809
-4.80299
3.5302
6.4312
5.61323
1.49998
4.51944
0.251194
4.80644
0.0731477
1.74638
4.75451
3.33686
5.5554
6.3181
5.47282
6.4608
8.31276
5.81757
2.75416
2.36623
4.038
1.60283
1.16632
-1.94105
-4.45744
-2.20221
1.73784
3.1302
1.95136
6.01651
-0.34844
2.44898
-8.79242
3.28701
-0.391506
4.33138
0.0430252
3.12607
7.42991
4.1891
2.4891
-7.52786
1.93445
5.49984
5.55904
1.82309
3.97207
4.6596
-1.4518
5.06671
4.77318
6.96788
-8.08519
2.05784
-9.7964
2.23752
3.65268
-1.63422
6.73996
4.3356
9.05076
1.99502
0.788275
5.09163
1.06944
9.80147
0.802112
2.44567
2.12632
-0.688002
1.18163
5.18715
5.55202
-0.434052
3.94294
2.4686
3.35069
1.22884
-0.33137
0.0749661
-0.135324
4.16672
2.69168
2.46839
5.42182
6.18149
2.05452
-0.470014
5.75264
2.97153
5.01141
2.8547
0.560869
-0.19283
-0.604987
4.46095
0.544498
4.4405
0.248837
1.10251
2.38104
0.274051
5.9737
2.48912
2.31761
0.783959
5.47785
3.67519
3.44428
7.78337
0.612816
1.15174
7.04012
6.30124
-2.95818
-0.575365
0.135705
2.84143
2.13714
4.44756
4.67421
4.80547
1.61516
2.21702
5.32645
0.880166
3.27528
1.93732
4.27179
4.29953
6.50189
5.59848
0.154696
4.14645
4.33613
4.62454
0.575418
4.63034
-5.42424
6.27564
1.7005
5.48551
1.98841
4.74104
5.39831
4.48967
4.53508
0.883245
3.37034
5.22473
4.40955
1.6685
-0.71738
1.26537
0.500144
1.3793
5.02675
3.80878
4.35795
-0.892656
3.3844
2.5712
2.08083
1.85846
-0.672675
-2.57602
2.17529
0.693693
6.1314
5.36345
-2.55879
3.3483
1.49725
6.86816
-14.8914
1.86118
-0.689238
6.87657
2.97956
5.12453
-2.95802
-0.207202
5.85898
1.38418
7.82022
4.8321
1.47556
0.146354
3.36937
-0.181559
1.63456
0.309142
2.63332
2.53311
3.9218
6.7845
4.15909
1.41309
1.77417
8.24797
1.16988
1.63346
-2.05049
1.95258
2.03562
1.55279
3.08909
3.33639
-1.16506
2.1166
2.70347
3.74446
2.25403
-0.325425
4.29969
4.12866
6.04296
4.21063
8.85091
-0.0789333
3.18156
1.66074
1.88322
3.19703
4.98433
1.78625
-2.21235
3.22714
11.2109
4.98841
3.22521
6.62379
3.18138
4.60914
-0.905742
5.43979
2.45559
3.25581
-9.56755
4.36065
5.50089
-1.90475
-6.68066
1.88882
3.51181
-3.08563
4.48733
1.74081
0.907931
0.809475
0.0782834
-4.319
3.78083
2.83974
1.13955
7.58051
-2.05433
-1.46141
1.30532
2.01154
5.54144
1.71138
0.0785344
1.89334
1.237
2.61409
5.90785
0.574449
3.99972
1.33795
4.14904
2.41046
4.86561
3.29517
-6.52571
-5.91926
-3.77668
-6.0544
3.78045
4.58995
2.05213
-2.91857
5.80234
-2.27087
1.82427
3.95235
5.94991
6.13865
2.54413
2.05305
2.71235
2.09955
6.44146
4.95079
8.3214
0.512391
6.87794
5.29614
-0.243628
-0.654868
6.11772
2.68408
-7.79247
1.70509
5.74245
0.147901
2.15332
2.18162
3.89036
6.85629
-0.0274801
-3.50317
1.55082
5.77838
0.143011
-0.0550373
6.42012
4.45087
-0.282759
5.43591
2.91256
2.68104
3.56069
-1.71351
-5.71005
3.68049
