3.61249
5.19646
7.08444
1.93291
3.09932
4.7952
4.81256
2.04461
2.22151
2.49216
3.37883
4.33286
4.65023
2.07091
4.04598
2.83979
2.28476
1.24532
1.19916
2.19738
3.6514
2.73923
2.4127
4.58311
-1.07284
4.20993
3.10685
3.13684
3.2609
4.62244
1.9237
1.81983
4.89343
0.772278
2.80134
3.83228
1.90991
0.975686
4.23826
4.01915
3.11287
4.67954
3.7307
4.67006
-0.708328
5.98589
2.60146
3.73331
2.75041
5.09577
1.86793
3.12523
5.8688
2.11542
5.04023
4.40943
4.7866
3.43523
3.01154
2.16083
2.03712
0.981268
1.72347
1.83208
1.99012
3.71573
3.09281
1.94085
3.88404
2.12374
2.78043
3.42451
2.71803
2.61832
5.23319
2.41051
0.723162
1.77838
2.61646
3.25755
1.96081
1.20061
4.54955
2.6635
2.69549
-0.179325
3.6385
2.52686
3.06155
3.03692
5.45722
4.5301
2.61698
2.75457
0.704615
3.3519
2.67241
6.25281
3.8846
3.67917
3.0106
2.24393
3.94512
4.29552
3.6274
4.72651
3.23798
3.91827
0.239668
2.73167
4.81997
4.28957
3.51182
2.71923
3.01561
3.22792
1.55477
2.80195
2.40814
4.18668
3.70285
4.02915
3.42943
1.20883
3.81867
2.77086
2.20102
2.74789
1.25382
0.419884
4.60985
2.14035
5.67787
5.17899
5.37014
4.42609
2.34288
2.03826
4.62405
4.1193
3.02608
2.36119
4.85113
0.898925
0.96468
2.45659
4.66189
3.03118
2.61323
2.44586
6.31076
3.24581
0.897875
4.62354
-3.08864
2.7215
6.05447
4.08381
5.09286
4.00314
1.80517
4.50822
5.247
4.9009
3.23029
3.9955
5.73259
4.79788
3.95186
3.79573
2.7711
4.81897
2.3997
4.37691
7.9997
3.60328
2.9293
3.41703
-5.68267
2.58262
1.20115
3.33214
3.30111
4.5265
3.98474
1.05806
0.99041
2.07802
3.98021
3.75286
2.25394
1.93958
-0.163204
3.31422
3.12109
1.18767
2.22475
2.67809
4.59504
4.40672
3.98705
6.10842
4.43338
3.78944
4.93436
4.7472
3.29748
3.94859
3.97989
1.44325
1.93843
2.74498
0.0298674
1.7187
3.46731
4.33143
2.12875
4.64177
4.82746
3.29074
2.56699
4.0695
3.14897
2.42384
2.95509
4.8235
2.76471
3.27475
5.30876
0.683803
2.56074
1.44201
1.56892
0.52115
2.36309
2.14146
4.04979
4.43056
1.68902
0.715181
3.61597
-1.86409
2.91719
3.65655
1.60026
5.01294
3.95487
2.4871
0.27568
2.60721
0.903895
1.1995
2.77745
3.26727
0.878447
5.35998
-2.81539
3.67133
1.88988
5.05561
1.57585
3.71831
3.32962
3.94305
3.31695
2.66773
4.21147
2.18848
4.06639
2.36497
-0.495792
3.37336
3.4912
1.3028
1.30084
3.47016
3.34004
3.74439
6.96455
1.15069
4.97432
3.05675
2.05875
2.30547
4.07635
3.38046
4.68479
3.21801
1.65624
2.10773
5.58763
3.30083
-0.398362
4.80784
3.08839
0.814921
2.77018
3.26941
4.79338
5.07419
-0.849011
2.97854
2.20996
5.33543
3.7426
2.73724
4.92881
4.82855
3.67583
2.55041
2.62782
3.03546
1.37825
3.12427
4.30787
3.34616
1.01036
2.9131
3.03283
4.1017
4.07398
4.06337
-0.63822
1.10278
4.09255
5.66982
3.32875
2.36831
5.29849
3.97016
3.17024
1.65553
4.29866
2.85646
3.21162
4.28473
5.83961
3.457
3.93574
0.470712
4.41036
3.82232
1.94085
3.55335
-0.878999
9.34391
3.69844
2.24077
-0.450911
4.11181
-0.252409
2.51511
1.12525
3.61065
1.08919
3.20279
4.59933
6.9311
2.63248
4.40928
2.02216
4.24639
2.78594
5.60589
3.08586
5.10624
4.33551
2.51062
3.22853
2.97026
3.2986
5.08723
2.55879
0.318008
2.61869
2.19659
4.65727
4.0465
2.74139
1.13406
1.43119
2.22777
3.5917
5.27499
2.61489
1.30499
4.18974
3.93512
1.69999
1.2296
3.51619
3.28346
3.4747
1.72843
0.279636
4.00301
3.04847
3.36568
2.54626
2.85765
-0.383951
2.88385
2.58693
6.04995
-1.1888
3.56359
2.22917
3.99521
3.32501
0.169108
1.53927
1.99132
4.00705
3.0447
8.62856
2.44286
2.57522
3.07026
2.45345
1.96614
2.34497
3.62637
3.0073
3.896
-0.668407
3.78048
7.01318
2.86329
3.04303
5.39802
6.93122
1.55173
2.36651
0.799289
2.51482
2.91615
2.97281
3.02481
2.12976
2.7934
2.12878
3.12403
5.57854
0.816165
5.57003
2.21052
1.61218
4.87768
2.29234
8.91317
2.92192
3.10956
3.87002
1.62615
2.39456
3.20312
3.71249
3.39224
3.68839
1.79205
2.55974
2.6911
1.90482
0.368451
3.64097
2.88535
4.20199
3.84239
6.10862
1.72004
3.83739
-0.195305
3.91544
5.28013
2.12973
3.09367
3.51652
3.77667
2.11733
5.05314
3.33061
3.95815
3.96969
2.54807
3.85555
2.7107
6.41692
3.29211
-0.127207
4.5112
3.30627
4.59668
3.00536
0.705039
1.83981
4.1159
3.68151
1.42956
1.98719
3.12763
