1.62544
3.81401
3.02907
2.71954
3.34486
2.78427
2.46794
1.07995
3.97406
2.59514
2.54735
1.98252
3.56557
2.19885
2.17189
3.23133
2.97086
2.88963
2.59078
2.77908
3.70105
2.4411
2.99751
2.88414
2.64865
2.54843
3.11278
4.94797
0.662804
3.42214
3.2746
3.29717
3.0814
1.52988
2.78212
3.61302
3.17492
2.8342
4.33474
3.03608
2.91616
2.25778
1.83893
2.35944
2.95742
2.63978
4.12479
4.01298
3.17675
5.11515
3.43169
2.09396
3.2364
2.40779
3.37132
2.85894
2.59148
2.66411
3.43702
3.73675
2.27338
2.85427
3.01882
5.1098
3.01428
2.23018
2.83354
4.11082
2.97782
5.78991
-0.147087
2.8807
3.80628
4.33489
3.02452
1.59438
3.81594
3.91091
2.72904
1.59832
0.36858
2.41254
3.51449
4.60463
2.44601
3.14946
3.63157
3.27999
4.34778
4.12126
3.22962
4.07499
3.90551
2.77453
3.58821
1.68956
2.92299
3.03278
2.54225
2.37293
3.11998
3.22032
3.82036
2.62737
3.46068
2.88644
3.44905
1.93419
3.38262
3.06819
2.21038
2.07972
2.92762
3.43717
3.0798
0.810591
3.1605
3.01294
3.67466
1.37836
2.23564
3.16966
4.14689
3.59533
3.39535
2.08656
3.23816
3.13607
2.04961
2.62285
2.04902
3.89313
1.46033
3.47865
3.57989
3.29814
3.32132
2.67271
2.1853
3.76894
4.38856
1.66289
2.59203
4.03293
2.62542
2.24936
4.4844
2.63294
3.80116
2.0652
4.58997
5.27011
3.09077
2.74347
3.91389
5.83328
3.43507
2.55707
3.05982
3.64212
3.40158
2.62405
2.84749
3.21003
2.21782
1.65223
3.39466
3.88905
3.89011
4.40137
1.18314
2.9396
1.48456
2.34773
2.68014
4.50012
2.36116
2.09989
0.88685
3.85164
2.71734
3.0292
2.95767
1.59505
3.57788
3.36568
3.18036
1.99554
2.96033
2.15454
1.01364
3.56549
3.632
3.56657
3.01269
3.89895
1.68709
2.23827
3.54897
2.94426
2.58941
1.94544
3.19969
2.60384
2.71727
4.41529
5.10588
3.46628
3.32648
2.92874
-4.62081
4.00461
3.66376
3.61299
3.80202
2.46595
3.71382
0.227652
2.87582
4.48396
1.36727
3.27869
3.15393
3.04575
3.27129
1.70748
1.41746
3.15162
3.87423
2.38549
2.22139
1.7888
2.8623
2.26211
3.36611
3.59372
4.36829
3.34889
3.43254
2.38964
3.01916
3.77813
3.82961
3.67231
2.90129
2.54801
3.07771
1.77176
3.01369
2.86144
2.90417
4.15902
3.28236
4.38526
3.19589
2.95465
3.20448
0.329694
3.76388
2.16863
3.432
3.40731
3.18321
2.76713
1.21937
4.16657
3.5875
2.53276
3.29836
2.6024
2.92063
2.36127
3.0262
3.40837
3.34441
3.3936
7.40336
1.52604
2.73344
3.645
3.58754
4.31766
3.52201
0.953036
3.70007
3.15618
2.84343
2.00405
2.7638
3.53898
2.88084
2.04401
3.69498
2.60187
3.2742
2.00871
3.11876
3.42083
3.08565
3.74142
1.8593
2.38954
3.05957
2.79159
2.79927
2.59967
4.35601
3.40877
1.86339
2.79199
2.30382
3.86477
2.51195
1.83077
4.51915
2.6024
1.96581
1.93396
3.80964
2.02959
2.95709
2.9348
1.40245
2.38743
4.15851
1.9517
3.14835
0.485238
2.06074
2.63074
2.95378
2.57709
1.82202
3.88214
2.09647
3.94262
3.50835
2.71664
3.95394
0.924957
3.86065
2.15046
3.71732
2.49934
3.26454
2.82547
3.19397
3.19249
2.93453
2.08921
3.10642
2.57634
3.31368
2.60178
2.30793
3.12923
3.25959
2.38194
3.61937
3.113
5.29931
2.01507
3.59494
1.64923
4.01748
1.77889
2.18699
3.80512
2.54969
4.60571
3.2019
2.12713
3.57164
1.67524
5.63898
3.44698
3.73498
3.89995
2.74584
1.95805
4.51955
1.9136
3.95071
2.18281
3.44534
3.69892
4.13295
2.75485
2.67084
4.02877
2.29105
2.68337
2.15535
3.51494
2.70553
3.5992
2.89395
1.14225
0.137665
2.63141
2.19275
3.46181
2.71259
2.65507
2.75063
4.93296
4.18942
2.88918
3.50444
4.10255
3.18627
2.7616
2.77919
3.07289
2.01442
4.11732
2.49231
2.67061
2.41677
2.10955
2.14194
2.69358
3.11586
4.39056
3.17594
3.30664
2.98531
3.42008
3.21336
2.87112
2.06753
1.85751
2.7287
2.96024
2.49469
1.87955
2.30913
2.40288
3.91815
3.51995
2.40022
2.80643
3.5297
4.15757
4.39496
2.61755
2.60067
2.69923
3.5967
6.20685
3.61079
2.67132
2.68999
2.54595
2.56029
9.8642
3.5181
3.44695
3.24889
3.34838
3.72045
2.34544
2.5259
3.8897
3.93717
4.62789
4.00896
2.53924
2.79313
2.61732
2.60965
3.378
4.40051
4.67091
1.49033
1.62409
2.50915
3.11623
3.26433
2.95669
1.60177
3.56487
3.12133
3.64262
2.91594
1.91769
3.24954
3.87387
2.22365
2.85471
3.71566
3.06109
3.38584
3.84764
2.08773
1.69285
3.58153
2.38747
3.20813
2.36919
