3.66908
3.63247
4.31304
3.99885
3.9307
4.02618
2.8689
4.20923
3.13345
1.8617
4.47513
3.62321
2.78989
3.05494
3.05503
1.72551
3.37423
3.50781
3.79579
3.46739
3.97736
3.94412
3.71171
3.00897
3.75225
4.69401
3.0028
3.66522
3.61804
3.56404
3.54333
3.6261
3.77512
3.50027
3.58108
3.43772
3.47156
3.56749
3.8464
3.64014
2.71298
3.6402
2.94867
3.19337
3.49799
3.57898
3.09431
3.66804
3.64733
4.33624
1.26046
3.78942
3.68929
3.06848
3.67639
2.82822
3.64768
3.7592
3.57691
2.0765
1.94173
3.85683
3.40006
2.15659
4.54699
2.79876
3.94937
4.00392
3.88846
3.13138
3.46046
3.74184
3.53987
6.40026
4.31132
3.44152
3.0184
3.55564
3.72826
4.72771
12.2111
3.3266
1.74931
3.65722
3.15769
3.68189
3.62367
2.62009
3.64966
2.98997
4.00463
3.56325
3.04904
3.71892
3.19319
2.91004
3.68147
2.96307
3.2576
3.9277
1.87216
3.54311
2.02641
3.62521
-0.0292824
3.52913
3.64833
3.72263
3.52442
3.81812
3.39782
2.99662
3.72799
3.616
3.15144
3.6305
4.2001
3.6921
3.16204
4.63705
3.51515
2.71702
3.61219
2.07044
3.60182
5.19995
1.81975
3.66632
1.77899
3.6233
3.74237
3.65897
3.60832
3.79407
3.42716
4.20112
3.79279
3.72418
3.67792
3.67101
5.94021
4.50222
2.90933
3.68054
2.79846
2.92586
0.42333
3.80603
3.64496
3.61612
3.51273
3.56997
3.34525
2.92124
2.48951
3.24292
3.69749
3.52985
3.78932
3.60727
3.74588
4.27505
3.14514
3.02812
3.06712
3.51824
3.94758
3.83034
3.59488
3.52337
3.6464
3.35735
3.57812
3.54851
5.1482
3.73695
2.81316
3.88737
3.55871
3.73236
3.52077
3.78857
4.48032
3.78797
3.69171
3.46657
2.56306
2.79419
3.95365
3.88484
3.49337
3.50005
8.06534
2.73269
3.53612
2.99622
3.15836
3.06826
3.52443
3.35804
7.08967
3.28336
3.6895
2.9512
6.03801
3.64673
3.56296
3.77524
3.89548
3.55213
3.69382
1.52459
3.7986
2.91021
3.70807
3.23784
3.39189
3.39973
3.79233
3.56422
2.61535
3.76263
3.69899
1.93682
3.44423
3.07132
3.44437
4.26708
4.14109
4.40528
3.80189
3.55632
3.59264
3.34332
4.19926
3.99757
3.31381
3.85604
3.26692
3.93867
3.6257
5.466
0.568167
3.60586
2.69212
2.72189
3.04027
3.56721
3.53954
1.93345
3.7734
3.13287
3.61174
3.27931
2.50053
3.79278
3.5612
4.11424
3.42872
3.39281
1.26869
3.14111
1.24204
4.71984
3.70742
3.87062
3.26765
3.69335
3.13262
1.52654
0.428274
3.82941
4.47372
3.70364
4.45817
3.83193
3.47436
3.54659
2.68802
3.86625
3.46774
2.92748
3.53135
3.05941
3.58023
3.86698
2.84594
3.27949
3.47081
3.36875
3.56242
1.54269
6.43644
3.17948
3.61079
2.82118
2.77391
2.87767
3.3332
3.74455
1.66775
3.32261
3.86264
4.91315
1.76712
3.70275
3.02699
1.59865
3.42919
3.6723
3.12879
3.47704
3.57342
2.81375
1.53358
3.48351
3.82139
3.76967
3.19
3.10879
0.829463
3.97161
3.10308
3.72727
3.51772
3.7182
4.57116
-1.43813
3.40374
2.2706
3.50598
3.6739
3.39957
3.80476
3.60033
5.60905
3.84757
3.04283
2.24449
3.37734
3.63283
3.36795
4.38349
3.68935
3.05555
3.38039
2.78447
3.46397
1.91776
1.91719
4.50168
3.80761
3.03008
2.80768
4.01023
3.43715
1.05041
3.46046
3.76973
2.22405
3.46514
3.83105
3.88735
3.49769
2.67188
3.56108
3.02557
2.64341
2.92341
3.44202
3.80142
3.54795
3.49801
4.22984
3.07839
2.56062
3.72146
3.56129
3.45614
3.591
4.39369
3.6774
3.41856
3.41273
3.59956
3.7533
1.30455
3.65804
3.03296
3.55297
3.85809
3.92836
2.71347
3.62333
3.7656
6.00468
3.76139
4.28985
3.62675
3.66562
3.30092
1.99774
3.45722
3.16799
4.44014
3.14146
2.53248
4.46213
3.52222
3.48742
4.85547
3.08527
3.77205
4.59397
3.66918
3.78146
4.41553
3.39579
3.51144
2.77874
3.88466
3.56873
1.44869
4.20981
2.84896
3.91352
3.44439
3.64349
3.00298
3.70404
1.79777
3.5889
4.48056
3.8358
3.64653
2.74668
3.62998
4.97115
4.28018
4.03767
3.73849
3.04051
4.50775
4.30637
3.54125
3.08074
3.95748
4.37218
5.58077
3.49488
3.6115
3.3955
2.5599
3.8648
3.89697
3.50876
1.91898
3.42426
4.27611
1.60473
3.84335
3.57309
4.3609
3.66013
3.20091
4.09003
3.93825
2.97752
3.90261
4.54393
3.11529
3.89582
3.37081
3.95069
5.39564
3.40257
3.60454
3.81408
4.19943
3.50878
3.07477
3.4186
3.60656
3.52438
4.39968
3.3728
3.44407
3.25023
3.69128
3.77047
3.81609
3.52021
3.22846
0.322782
3.58234
4.48711
5.1321
3.58185
3.37705
3.61467
