1.91788
2.91355
0.350029
2.07809
1.32315
2.69411
-1.7774
0.997803
2.10275
4.16875
5.23796
1.06362
4.6245
2.17525
0.0637359
-0.289337
7.01668
7.291
1.55338
6.2153
1.91981
4.68202
1.06077
0.82181
2.81375
0.97748
2.39792
1.3472
0.0113912
0.217194
-2.76801
-0.153608
3.6332
5.22546
2.22315
4.09988
-0.0551689
1.50111
2.7458
3.5399
5.68559
4.66052
1.34849
1.82401
1.11458
-0.0855013
1.522
2.08165
2.37789
3.18487
4.56938
5.15433
1.83509
2.30066
0.348696
3.59697
2.82264
-0.00619755
1.68743
5.22398
1.65323
1.04887
1.61798
9.19256
0.952062
6.99739
3.57338
-0.660988
2.38953
4.28099
1.2564
2.44238
7.26919
5.18801
1.02658
0.487213
2.16169
1.32018
6.82078
-1.04386
1.71232
2.5981
3.94322
1.74551
3.09245
2.91308
-0.658033
4.71168
6.09356
2.18897
3.43368
-0.812539
1.11699
3.21442
1.2212
1.10615
-2.9135
3.53346
1.44214
0.0728878
0.489704
3.50986
1.1052
3.695
-1.35862
-1.30027
-1.29668
-0.387913
3.02757
8.63344
1.8183
0.097803
3.08645
6.31092
2.66476
1.67241
3.43067
4.52563
4.07127
4.55194
7.68689
1.64471
2.18451
3.63709
2.69234
-0.618377
0.11569
0.903783
-0.671053
1.4953
1.1722
3.0968
1.66456
5.12919
1.32448
-0.891754
5.61481
0.702844
1.56667
-0.364439
4.29918
2.88864
-0.476623
6.4008
2.45368
0.470746
0.249947
3.59266
0.689996
1.93909
-0.144415
1.37354
3.49767
1.69709
1.42707
3.46752
1.14855
-0.612887
-0.074034
0.704693
-1.06344
2.26529
4.22738
-1.62122
5.54274
8.84842
-1.49413
2.73225
3.19461
1.78927
1.60186
4.14515
2.57331
4.58016
2.1312
-2.19282
4.46112
-1.04676
7.30712
4.25338
-0.265711
1.20047
4.46486
2.61262
-2.0992
-0.120443
-1.09475
6.75109
1.39714
0.847979
1.53476
3.19964
0.287919
-0.00702066
2.53971
1.0121
3.81575
4.834
2.15293
-1.5115
5.00368
1.13272
4.28099
-1.39868
4.28683
1.64763
2.28589
1.89596
4.65519
1.26053
2.28757
0.0279637
2.76599
1.61901
4.33858
-4.0067
3.08074
13.0445
3.69044
5.12493
-1.87158
3.21415
5.39262
-2.48494
2.98224
3.8143
2.2353
2.02843
5.14085
1.36695
0.0647736
2.03989
2.20751
12.5752
4.7286
2.33294
-0.240978
1.84131
5.94539
1.12989
2.64406
4.68843
0.630472
2.63906
-2.14162
0.414625
6.1006
2.42312
3.21478
0.767735
4.20228
1.45448
-2.99358
-1.93355
-1.86238
0.931573
7.24072
0.718441
0.864575
1.56957
-5.087
4.36345
4.43807
1.33703
4.36767
0.795063
4.1866
4.95025
2.06475
2.24633
6.34056
3.22506
2.48643
2.62797
4.41131
2.49769
4.20012
-0.28103
3.75038
3.49345
4.1305
1.44479
4.50943
1.88331
1.80103
-0.57285
2.93082
-1.30959
1.90681
3.1607
2.90695
1.04791
1.56119
5.09777
-12.0703
2.21843
1.34011
3.75458
2.18206
5.47795
0.655179
-0.36215
2.20129
5.68541
6.34111
2.66892
-2.16956
1.99919
-4.32879
6.0471
1.64199
1.45561
-1.9595
3.01901
2.20874
0.508541
0.196481
2.75526
0.396958
-1.37219
4.78368
-0.88063
3.51719
3.03449
4.1773
-0.0690417
-0.461684
4.71734
5.95697
2.02911
-0.566472
2.76364
4.99422
1.25296
2.68371
-0.00437924
2.9037
8.37934
2.17236
2.28952
2.45471
2.55606
2.25628
2.1364
2.59853
6.86787
5.41937
5.76488
-0.840104
4.74181
1.61124
1.54953
2.73644
4.55907
2.30352
4.02475
12.0498
-1.52584
-1.31417
1.01293
0.985497
4.45808
2.6884
6.79599
6.64014
1.2823
2.66716
1.76044
2.0974
3.84532
3.34
1.42757
2.86876
-0.619502
0.458296
-3.06334
5.15756
4.55908
9.65643
1.6198
3.29555
3.2307
0.504148
0.426111
2.79093
-0.473557
5.31692
3.51754
2.2468
-0.0617634
3.88683
2.10544
0.656542
3.46534
0.989183
4.34803
2.37056
3.01813
11.1128
1.86903
0.0353695
4.5141
1.12198
1.84792
2.26175
0.649614
3.79621
2.08862
6.834
3.45024
6.76088
-0.317547
-0.141522
-3.99113
-0.191401
3.42467
-1.03512
0.866903
6.40295
-0.492458
4.60396
-1.35776
0.154837
1.4131
0.463529
6.14776
0.18458
3.42435
3.26251
23.1861
1.32989
0.821714
0.786538
1.62272
2.79011
2.19438
2.91782
2.89071
0.556833
1.25271
1.31511
1.0459
1.43628
1.75882
3.64409
3.10706
4.33716
-0.091906
4.32646
2.88537
2.10779
4.40354
2.03579
2.58687
3.2325
-0.0285391
5.44479
6.24969
5.69106
4.31265
2.55789
1.28894
8.82537
2.84008
1.60976
2.1714
2.68707
-0.16584
0.471735
0.363424
2.09485
-2.59345
-0.120956
5.6933
1.23701
3.01364
5.09501
3.63026
1.87779
3.62013
0.99164
5.44587
5.51494
3.21758
4.72217
3.72927
-0.00619694
-2.13025
3.92852
-0.149087
3.24351
2.32364
5.32073
3.43009
4.12279
6.45373
5.13676
4.27498
1.90384
12.7445
