1.9969
3.62344
1.29638
3.33897
0.476719
0.848416
4.77433
7.26439
8.72175
1.15288
-0.140123
1.64054
2.64135
1.51725
-0.380641
10.9795
7.96039
-0.128813
0.887247
1.0985
2.53599
2.2048
3.86375
8.36009
8.78716
4.42589
2.66487
4.46139
3.93717
-1.62178
8.11179
1.33143
3.66032
7.23372
3.18284
4.7586
8.59786
6.23883
5.6431
5.78951
4.49771
5.6825
4.87082
5.54616
6.7894
1.43628
2.892
6.75298
8.67439
7.54127
9.90898
5.30226
4.85011
-0.237729
6.76929
-3.72013
1.57479
3.2139
2.52991
5.31313
1.42197
1.85757
0.392369
0.530511
3.61777
-4.27067
-1.91988
-1.49924
2.29108
-1.83054
3.84628
6.19982
3.13686
1.67847
1.35055
4.29063
4.69882
6.38999
8.27103
-0.0289191
-1.56799
1.27297
4.28009
-4.70331
1.66394
5.14504
2.69804
3.22071
0.727842
4.3809
4.55351
5.44864
6.27995
-1.26631
8.64826
2.11048
4.80236
2.34153
12.0866
5.86689
5.34766
4.24005
4.42891
-0.299571
1.83138
7.0678
-0.570315
5.31823
0.646779
7.80656
6.04015
1.41626
7.466
7.47702
1.27744
2.19479
7.22586
8.44169
6.58875
5.5178
8.30337
1.41581
0.488359
6.47777
5.26846
1.59653
1.35775
5.17528
-3.06686
-1.13914
4.24275
-1.41908
5.07042
1.98085
0.0033779
4.00942
-1.89117
4.74656
1.23763
7.58225
1.40044
8.70087
7.17059
3.869
1.70924
4.48674
7.35178
2.37148
5.91371
-1.0833
8.31712
9.27745
7.271
4.26399
6.20541
5.44585
0.241283
-0.297189
-0.136424
-1.20496
5.8157
3.79699
5.82692
3.89909
7.50092
8.12949
3.53647
0.342134
3.52795
6.79852
5.56562
-7.12418
3.58686
5.94974
3.98354
5.26001
2.59054
3.41156
3.56924
3.0212
1.2635
5.63957
0.0989105
4.49007
3.84038
4.03936
2.7903
1.33016
5.94353
7.1911
1.77503
2.4848
2.73971
4.85728
-0.26122
-1.06051
5.77637
6.28998
1.53086
0.526643
3.57171
1.45571
4.78731
5.15455
2.59682
3.74237
-0.302274
5.66791
-0.97912
6.61487
-0.728526
-1.52249
-4.03181
7.34958
8.2058
-0.558431
5.67896
-2.73601
6.06934
4.94628
4.32642
4.32895
9.65587
3.05968
3.00573
2.26631
3.80671
5.06409
5.75239
1.24059
3.74665
5.87672
-2.33098
6.10185
-6.61744
0.887286
6.83215
4.68642
10.0737
-0.69952
4.80722
2.08711
4.02312
-3.40254
7.91648
5.71094
-1.31886
6.00078
-0.929126
10.1423
-0.617676
-1.17811
9.094
1.75034
9.61963
-0.0457137
3.61878
3.32983
4.93445
4.83824
8.71199
-0.58301
-2.58575
0.0819523
-0.782716
6.12953
1.00925
1.66737
3.13875
1.18636
2.50518
-2.46773
8.45092
3.41695
1.68449
-0.0746431
6.26453
7.66072
0.213115
3.842
4.87408
2.69921
3.99074
1.66369
3.02658
9.64205
-1.25046
1.5086
-0.145803
-1.28698
11.2478
-0.416233
3.73317
1.31385
0.398143
-0.743434
2.86474
7.74592
-2.90333
6.30217
1.53138
5.86454
3.84779
-0.0858869
6.34571
3.63692
1.10181
-0.100784
0.899858
0.771709
5.92518
-0.217353
-1.41763
-0.563669
3.13495
-3.71156
0.15961
4.92311
1.53788
0.365909
2.25832
7.31254
0.354035
1.03566
0.723916
0.601986
4.55495
5.80201
2.72964
5.43716
4.53684
0.489273
5.34582
5.53281
-2.58993
2.76869
2.24786
3.64132
1.73767
4.67227
-1.12701
4.73223
11.3198
2.08229
-0.981782
1.73246
5.20733
4.9245
4.1902
5.7647
2.62634
0.474201
0.573502
8.34978
5.63029
2.37816
-0.431737
4.54636
3.95752
6.51287
0.787337
-0.413448
2.78403
4.82171
4.00528
7.36593
6.40108
-1.85299
-0.0556927
0.229964
1.20025
3.72031
2.88305
-1.60503
2.64457
0.557385
-0.271602
3.71726
0.230291
2.61116
3.2965
5.97665
3.44036
-0.295852
1.79087
6.04191
2.98834
7.7581
4.32427
3.73833
3.61609
3.87871
3.28541
6.22118
1.38729
2.15306
3.32168
4.86661
-1.91781
5.57857
10.117
7.01643
7.00131
1.94099
1.87019
4.66767
6.0843
5.77938
0.832841
1.87929
2.59682
5.54281
3.78023
-1.68251
11.8904
6.78609
2.8065
-0.834862
4.63315
2.34733
3.69881
-0.322947
1.85272
3.47898
3.26148
0.0970038
-0.628362
2.25135
4.66544
3.55061
4.81873
4.60513
4.90464
6.8019
1.31349
1.96455
-2.68154
5.26424
-0.511128
-0.432698
0.458902
-1.80544
4.7733
-2.35836
2.2737
3.63851
-8.08849
2.18812
1.26907
0.235217
-1.80038
0.274249
7.61648
4.97782
2.88971
3.4046
1.07111
3.27858
5.94029
3.01499
7.40474
-2.22341
-9.23609
4.1791
3.03926
1.56642
3.79856
1.28946
2.42935
-1.86693
2.24864
2.13774
8.71092
7.28005
5.82722
6.24794
5.50189
3.98831
4.46076
7.20929
4.94552
4.3834
-0.72021
5.26233
-1.99388
7.51951
1.6713
6.26887
3.57549
0.514095
5.88867
-4.03391
-5.08474
9.60224
-1.57802
-2.82896
6.96643
0.300916
3.45308
8.28841
