4.99174
-1.23274
-4.18369
1.82737
-2.63816
4.63282
-7.72393
19.126
7.48479
1.50802
1.91898
8.83484
5.23779
-0.182526
7.4381
3.18758
-2.83536
-6.9306
4.56811
2.51393
-7.7702
5.08593
1.66357
11.296
-1.24871
0.290774
-5.29925
7.1425
2.8696
4.46522
-10.5744
-0.534799
-4.67467
0.32824
-1.91308
0.778849
3.01127
8.03075
-0.735392
-2.62737
9.40383
7.57418
7.86399
5.77352
0.636139
1.96073
-2.71371
-6.17712
-4.34807
5.27411
-5.58541
3.65388
1.93869
-5.8534
0.170192
3.84631
5.37732
11.9973
3.7557
-0.556644
2.57636
6.91752
1.26765
3.86225
3.96504
-12.7945
-7.09274
-0.104814
-3.04943
4.90965
7.02428
7.95045
3.56125
-4.23916
-1.51702
-6.69383
-3.10003
3.87798
-3.95414
7.71523
-11.4122
3.24393
3.29809
4.68545
12.6842
8.74763
1.01033
6.32242
2.22115
-2.13592
-7.38968
3.55943
-7.46508
11.3553
-3.24216
5.03846
6.93062
-1.58936
-4.08068
7.47871
2.28996
-10.5367
3.33031
0.526894
-0.029179
-8.92865
-0.984528
13.5089
-7.9854
-5.45149
-1.22979
2.40073
-3.96325
2.05732
-6.01763
2.45158
-0.925218
-1.61041
3.35536
-5.52886
11.8871
0.2203
-8.14902
0.617495
-5.95133
2.35977
-8.54071
2.32427
-0.43062
-1.61006
5.82295
0.0805815
-3.63265
3.91214
6.48972
-11.1779
7.26007
0.587042
-11.0404
-4.37232
4.64232
-3.95683
-0.895819
-2.53184
7.82768
10.3387
-1.36049
8.12938
-4.73306
8.62901
3.73148
-6.57408
6.19042
9.40035
-1.03683
7.46916
-10.1363
13.1098
-7.78342
-8.85902
-6.02189
4.99132
4.05759
-1.62887
15.0066
5.11034
10.5878
-2.42077
8.37887
-6.08287
0.535207
0.416441
3.17375
0.0565952
6.76858
0.619196
5.67538
-2.72587
-2.66216
-6.41218
-1.28258
3.08388
4.60429
-1.46542
10.8698
1.75266
0.0951252
-4.9172
-3.33696
3.96426
6.88855
3.37954
1.85644
5.98062
-11.3343
10.6368
8.85281
7.14997
-6.47584
-3.74958
5.83322
2.26538
4.63598
0.65351
12.7794
0.332453
-0.903562
-2.19575
2.41786
-4.05363
8.92981
-0.437816
-1.5582
8.22023
15.9602
11.1129
-2.61384
4.42675
6.52438
3.06943
-1.39234
1.70665
6.8468
-7.86508
6.38452
1.59993
10.8272
14.9297
0.57205
-2.09569
4.94655
13.3188
-4.33209
5.6691
1.33109
7.40623
3.11926
14.9057
6.18557
1.4614
0.832838
5.43637
-7.11027
-5.94868
-4.90292
-2.57483
10.1841
0.930645
-1.81274
-2.87047
-5.43098
1.47003
13.5316
10.1274
5.76141
-2.29287
-4.61985
-0.333141
3.04317
-0.166
3.14153
0.32323
4.99132
-8.08814
-1.8397
12.0285
-4.74436
-2.58468
-4.64527
-9.06508
16.5812
5.30958
4.775
-4.39239
-3.84882
4.84265
-1.65962
-11.9224
1.18822
-3.15984
-4.41222
6.5046
10.5999
-6.07508
7.91215
-5.01969
-6.04892
-10.5088
9.55106
3.08422
-4.59287
3.16504
-4.29149
1.0016
7.73599
5.73091
-4.06301
-0.852227
-1.71439
-8.33278
1.10734
-6.2824
-1.71675
-0.589605
-5.14426
1.7486
-4.50326
6.46236
-4.08006
5.8202
-2.77934
7.23689
-0.646718
14.3116
3.04712
-0.0568842
5.72393
0.852874
9.70332
-9.61329
2.40786
15.3105
9.4402
-2.93408
4.5932
1.57996
3.61898
-4.25772
-8.40122
2.27751
-10.1849
-5.71067
5.54715
4.86667
-1.12806
-4.19804
1.05125
9.90774
5.95571
-0.0306625
-0.232924
-8.12329
6.56716
-2.47123
7.86423
12.1466
2.26185
13.4204
-9.62752
-3.15275
-2.95791
-12.1621
-5.70489
-2.64066
7.60593
9.70027
3.00982
2.70118
-2.61349
16.8376
-0.469163
0.140465
4.90948
-9.19
2.29371
3.80308
6.00964
3.74297
13.7147
-10.9763
11.9603
1.62617
-0.352839
-5.98531
1.19841
-7.74148
-8.56625
6.87972
-8.05868
-5.10992
-8.04241
16.6178
-2.42926
6.86392
-3.8872
-5.17201
8.08566
4.07831
0.161799
3.95092
-1.47626
2.51122
-8.82409
-4.57467
-1.1729
3.88388
2.19299
1.92321
0.718258
-1.41623
-0.110778
4.13322
-0.762766
-1.56657
-1.63292
10.9429
-2.92996
8.60187
-8.27974
0.532841
10.5598
-4.92741
-6.70804
-0.329698
-8.1943
-0.275298
8.84062
-0.0456891
-10.4723
-16.5882
-7.733
-8.36561
2.55917
4.03338
2.60616
0.412352
-4.11701
-0.770564
9.1904
-2.59391
2.95471
3.1652
-2.03141
7.98224
5.37095
0.57841
-0.29961
8.80981
-3.31519
-5.71518
-5.14452
-11.9976
-1.26556
0.140981
5.8455
5.41611
-7.35249
3.12446
8.0106
-6.07586
2.76357
2.0769
-4.97742
4.53267
-15.1656
8.34307
-0.79978
-8.13249
2.7694
-2.21127
-1.14807
-1.50527
4.65468
-1.42049
0.184482
-1.62117
-4.11072
-7.85572
12.4106
-4.43443
3.90404
3.43024
1.45912
1.66831
-3.72293
8.7942
16.5069
3.86322
4.9572
3.5709
4.89348
8.85537
-10.3126
-1.22169
10.7339
8.18874
-0.495204
2.47527
-2.15804
-6.5289
1.37461
-7.42887
0.679282
4.21378
7.01263
-2.62477
11.9943
5.55652
4.85972
-6.49693
