-0.84197
1.4696
4.07962
1.36751
1.96944
2.21636
4.02549
0.214363
3.05873
3.04156
2.6112
2.05688
2.76907
1.67049
3.88986
1.70808
1.53977
2.50981
5.42373
1.81642
3.47449
2.84995
2.97768
3.37018
1.70553
2.00582
3.66431
3.28924
1.72698
2.32694
2.10587
1.51808
5.5053
3.92051
2.95255
6.30571
1.33311
6.20342
2.59676
1.57419
4.31092
3.52758
2.82475
3.01479
3.27245
0.927569
2.51745
1.18906
2.34443
3.10454
5.19825
5.93004
3.01277
3.46088
3.33058
2.4242
2.78217
-0.325116
1.18672
3.4617
4.63726
1.8525
5.04093
9.18243
1.70945
-0.0301448
6.68508
2.68601
2.11849
5.76312
1.95824
0.0156776
4.88931
3.77969
2.22945
1.6219
2.56787
4.29717
3.13561
1.09017
1.52349
1.17291
8.43897
3.43313
2.71807
4.38073
1.18781
1.87129
1.71833
6.34354
1.34748
1.7586
4.37379
2.99223
4.02261
0.215494
2.33369
3.45205
2.69738
1.7961
3.65277
1.41351
1.36551
3.62929
4.54269
2.75996
0.932578
1.24589
1.84591
6.02349
0.71162
1.78231
2.0507
0.975953
5.02113
2.41886
3.01246
1.34565
1.21078
1.88179
4.82933
2.32655
3.21343
2.36009
2.33712
2.09916
3.4083
2.682
1.77455
1.59643
3.49578
2.90181
1.28029
2.68116
2.89266
3.47292
2.01673
1.40773
2.09644
1.43142
4.2122
1.81615
0.482586
8.74364
6.40195
4.45157
3.7762
2.44687
1.34346
2.11621
4.18432
4.09065
2.17473
1.21296
1.01571
1.94502
-1.78688
3.22418
3.19335
5.13532
2.98886
5.06163
1.75617
2.58731
1.25047
-2.98353
0.356451
2.73334
-0.478878
2.44577
0.10778
0.936904
2.62061
0.611705
0.824918
2.32312
1.28974
3.40799
8.58273
1.30496
1.48204
2.47357
2.53163
1.82973
1.55185
2.05953
1.45944
2.46991
2.02759
4.70377
4.12182
0.162615
2.03564
6.24673
5.40666
2.74294
5.02529
4.528
0.1557
2.298
2.24372
0.0164371
2.13781
5.82919
2.67312
4.85711
1.51812
2.34034
1.51542
7.63616
1.99319
2.58632
2.39806
2.22321
1.52493
1.75529
2.00973
2.43585
1.03051
1.69545
5.98863
5.0763
0.97413
2.37071
4.342
4.84092
3.02681
1.08571
1.13674
2.63554
3.20383
2.07789
2.75733
3.45525
2.77974
-0.256001
1.31904
1.70889
2.48597
2.97116
2.31004
2.36987
4.38656
2.68427
2.51929
3.2929
1.7415
2.4429
3.82077
2.42393
2.8639
0.184906
2.00169
1.40877
2.21096
1.55941
0.219757
1.88609
0.287289
1.56912
4.40747
2.3927
2.69914
3.66157
1.00653
1.00935
3.93315
3.2251
2.79605
3.3683
2.10056
4.59597
3.35755
1.26018
2.24146
1.61319
-2.23241
2.47944
2.89239
2.57387
1.66087
3.81136
0.692255
2.60321
1.0402
2.2034
2.42125
3.20127
2.74325
5.50987
0.0761703
1.12252
1.60545
1.52456
2.79591
2.93758
0.976987
-0.532462
1.14007
0.528764
0.854288
1.38234
1.87054
2.20496
2.56026
6.29261
4.1287
3.44193
3.06253
3.64859
0.578207
3.42315
1.67745
2.81544
0.891305
1.45251
2.67136
-0.544061
0.853426
2.26624
5.05893
2.29
0.711716
2.88182
1.99127
2.40209
6.8183
3.77596
3.54672
2.63663
3.81288
2.87564
2.7404
0.723886
3.79536
1.63452
2.80446
0.352794
0.035229
2.78902
1.91615
3.02822
5.05096
1.20586
-0.487159
1.19809
2.64762
6.41418
2.71318
3.57682
3.22587
4.00978
1.83615
4.17036
2.20883
2.37808
3.2015
1.2804
2.74527
3.17814
4.92709
1.57639
2.88284
1.72247
4.00338
1.31194
5.8035
2.5215
2.73753
3.66888
1.29082
3.04259
5.17768
2.70416
1.29622
1.31887
6.80145
-0.12857
-0.13486
5.08505
1.051
7.32103
3.18676
1.92658
4.59949
2.52128
1.41388
1.02759
2.9854
1.30001
1.43147
1.81575
4.82737
-0.0214934
2.11487
2.58994
1.3856
2.83994
2.52393
2.6186
1.57485
-3.42166
2.80843
6.89406
3.90115
2.17729
2.65535
1.98491
1.61806
1.60557
1.96223
3.14823
0.112128
0.0360119
2.93528
0.760928
1.85094
3.01414
5.19043
2.12591
2.84108
4.72233
4.15346
2.50001
0.0723266
4.21407
1.00917
1.2931
1.85992
2.5229
2.51839
2.674
4.20867
1.31287
3.94441
5.58165
1.33422
2.22498
3.74268
3.35826
1.88205
2.46479
1.0859
2.28627
0.997848
2.15147
0.1378
1.28314
1.93975
4.41733
2.17875
5.50945
1.7397
2.17473
1.31807
1.31099
2.52021
2.96903
3.52229
2.76363
2.24599
2.82847
3.34474
0.553622
-0.565958
2.62456
5.82279
2.66036
1.27742
1.65286
2.23307
1.12573
0.84292
2.29536
2.52726
3.30198
1.23092
6.38571
2.69317
2.96318
0.405594
4.55186
2.07817
3.14289
3.05241
2.90203
1.9589
1.31153
2.06962
12.725
3.81718
0.471852
2.81975
2.27459
2.95298
3.36081
2.4593
1.54986
1.96775
1.92436
