0.951903
0.198504
4.70415
-0.454026
1.05605
-3.65872
1.63543
3.70842
1.94633
-1.2404
7.81132
0.91053
1.00365
-7.29578
0.0680387
2.09732
0.200795
0.17475
4.78679
3.5959
3.67692
3.69423
-1.26811
12.7507
-11.9925
5.11822
0.163481
1.5899
-3.45326
1.65889
5.6331
1.85704
-1.26106
-1.58046
-4.24068
-0.727689
-2.18476
-0.719701
1.17038
5.08289
-0.104822
2.18297
3.12118
0.474402
0.394416
7.46519
3.03673
3.45753
4.40398
2.91986
1.08168
3.09681
-1.40751
3.05546
3.99039
2.06186
-1.39342
1.37218
0.882471
-3.32548
3.58621
2.06612
4.19654
-2.16034
6.28074
-0.487934
0.830868
3.33173
7.69306
6.26162
2.41665
3.68767
2.63205
1.05752
0.00279454
0.780929
0.997594
-1.47529
2.63441
1.82008
1.34165
-1.36213
5.11125
-0.132078
2.71122
-3.77128
2.26099
4.15059
3.95868
3.29826
-1.13036
2.5515
0.859444
0.414072
3.86042
0.966824
-0.924346
0.295583
6.1006
1.52952
0.18914
0.780095
3.66024
3.63095
-1.28689
10.6854
4.69298
3.15178
4.23148
4.51347
1.40517
4.3448
0.817011
0.503514
0.587733
-0.974974
-2.08104
0.767383
-1.31447
4.67985
-4.35987
5.12371
0.0434573
2.27665
10.7707
4.17322
-0.648327
3.63655
2.51994
1.57532
-3.63397
1.05834
1.67275
-4.75475
1.26598
-0.815337
-0.382647
3.56623
0.406299
5.25185
4.97582
4.61285
1.52107
6.40424
0.287951
-0.47694
3.17463
2.54871
6.06076
10.4113
-1.38423
2.53281
1.38716
0.142144
1.02477
1.46055
-0.00914187
-0.25241
-4.87573
1.54417
1.2889
-0.231953
6.39066
-1.03713
-0.90149
0.322174
0.390508
0.011152
-3.54544
1.75453
-1.24585
-3.84592
3.49188
6.89605
4.43831
2.3826
0.380622
0.0575035
1.50226
7.2828
5.23681
2.54688
-0.88885
1.6896
2.91981
-0.345559
3.18632
-1.64762
0.154216
3.10552
0.095977
-1.96262
-0.0863955
0.794764
-2.79825
2.62401
0.00266396
3.90209
4.79751
3.49653
3.06034
1.0967
2.63945
3.09712
4.17428
0.697633
3.82198
3.10238
-0.500378
-1.67932
1.49135
-1.13471
0.471353
-8.40047
-0.114802
0.764704
-0.764978
4.37851
3.71849
2.03053
0.527578
1.92674
0.288614
1.41693
2.6955
0.540946
3.75082
3.70678
3.38298
1.05834
11.208
3.98598
1.79536
-2.13166
0.31802
3.46647
3.56323
-0.390791
3.80582
1.33126
-0.688982
3.91382
3.49744
0.828237
-1.71208
-2.17748
1.04316
2.20499
-1.27203
-0.577192
3.5311
2.24888
5.7021
4.56394
3.80759
1.08071
4.98801
3.22417
-0.773534
2.24375
3.76869
1.51705
-1.39557
0.394586
-5.94695
1.75914
0.602136
-1.86009
-0.524737
1.6149
-0.528941
-3.07554
2.11976
0.178317
-0.749212
3.77157
2.84619
-1.29646
-0.536659
-0.62714
-0.234171
3.91399
3.29739
1.12688
2.68094
3.43065
3.42724
0.267221
3.67145
-1.82746
3.25806
-0.51112
2.61764
6.0987
-4.53518
0.174018
1.7605
2.82947
2.40415
3.135
-1.85691
-0.384542
1.4533
0.885863
3.10954
1.89452
-1.45079
0.35177
4.20507
2.54038
1.41304
2.82264
-2.77154
-0.0586399
0.696139
-1.25986
3.03572
-1.02098
6.32655
5.75742
0.0562626
-3.37949
2.70486
1.72745
7.91646
9.4201
-0.7323
-0.0312077
-0.0601447
0.511789
-3.95403
1.91719
2.84481
1.51162
0.853496
2.67156
-0.0641784
-0.109877
-0.378104
0.408681
0.389927
-1.80789
0.253657
3.92589
2.36871
2.75878
3.50203
1.45852
-1.92944
-1.74688
-0.26024
0.36145
7.38331
10.9159
6.42629
3.66101
1.96436
8.18101
-0.133717
-0.100674
5.70645
4.34139
0.891139
2.3568
2.48533
-4.26801
-1.28728
1.98517
1.56471
-0.431539
2.98665
3.60533
2.38786
5.29485
-0.675186
0.680691
0.640853
0.156059
2.38617
-3.50956
5.3045
0.582507
4.72755
1.07316
2.25011
1.80707
-0.700704
9.27666
-1.81327
0.867985
-1.72622
1.60809
-3.48044
2.37911
1.04499
-0.474046
0.319313
4.6927
-0.0147168
-2.85036
-0.313787
0.105718
2.00691
-0.189332
3.99814
1.08441
1.10552
1.25956
-6.53879
0.999295
2.02232
6.3149
6.35029
-2.20723
6.51932
0.279172
2.80819
0.455048
3.17685
0.464702
1.06127
0.497727
1.08552
0.772173
4.6894
2.93715
-0.359236
-4.38462
1.22311
0.661692
2.31807
2.6344
-0.885319
-0.316318
-0.0851756
2.76308
-0.391657
-1.11336
-2.24777
1.54674
0.893834
4.1006
7.43435
3.02245
1.00465
8.65998
5.69728
0.774182
0.0358786
-2.22586
3.8505
3.45882
1.75433
2.21223
-1.64527
5.73379
-1.57487
3.25871
1.26563
-2.72459
6.21893
2.92877
2.29745
1.03231
3.45942
0.932993
1.41655
11.5548
3.73003
2.17218
5.38708
1.96015
-2.83764
-1.59609
1.5153
3.99456
0.24569
-1.82633
0.0231959
6.53817
11.1235
2.26502
5.45986
4.09667
2.45736
-0.940696
10.3162
3.55478
0.73636
-0.211306
0.142966
4.20509
10.4769
-0.779562
1.29736
8.02482
-1.23209
3.97454
1.272
1.33627
