2.50809
1.3333
-1.46407
0.64132
1.39102
-1.76688
2.23391
5.32135
-1.36121
-5.24827
3.42677
8.89839
3.12617
1.63177
7.32213
9.65746
0.155917
1.64871
4.83065
5.71597
-0.558937
-3.91739
5.26957
2.18673
1.96907
1.62508
2.9101
-1.03163
0.157001
-6.62167
-2.53073
-1.99255
0.783729
0.0432204
-4.58824
1.95228
1.3669
2.69745
5.2647
-4.38993
-2.67637
0.644495
1.39321
-0.770087
6.46198
0.202391
1.34368
1.79652
-3.48745
4.11793
5.3115
1.47946
-2.79644
0.229144
3.66971
-0.886377
6.9415
2.41507
-4.61546
-4.41047
1.98288
0.218854
-3.28989
-0.841571
3.77881
2.07865
1.43869
0.955273
-2.70511
2.16328
0.698482
1.92208
0.261095
0.43246
-1.09994
-2.51723
-1.36579
3.36615
-7.06989
2.60695
-0.764477
5.5243
1.44567
4.1132
0.346852
5.69214
5.75134
1.3386
-2.28989
0.60144
2.86453
4.62276
2.29054
3.39917
0.972055
-4.84008
5.32215
1.66068
3.19057
-0.739705
0.345074
1.17529
-0.464691
0.516403
-3.73863
-2.14135
-0.615375
2.73941
0.93999
2.73337
-3.23916
1.94197
5.01918
-2.44227
2.65338
-2.84393
-0.719457
15.7274
-1.44118
2.06636
5.75531
2.94969
0.403575
3.34705
-0.573702
4.10824
2.78832
2.03342
0.64876
3.97163
-2.28908
2.7552
2.86149
2.93304
1.55041
4.76705
0.0576113
-1.11319
3.39697
-0.360611
4.35678
-0.987282
0.0460368
0.611569
-0.51246
3.25303
3.06252
5.33496
-1.15443
7.47832
2.57769
1.67674
-1.83976
5.63337
-3.36559
1.15403
2.42882
5.78316
-4.51979
4.2778
5.41734
7.35517
1.81856
-1.33004
2.38829
1.26337
2.9525
-2.7992
-0.927077
1.0239
2.30851
-14.3579
-1.95357
1.04852
3.03886
7.57487
-5.86255
-2.36831
1.8488
4.97403
-1.68333
-1.97353
-1.01196
11.259
-0.219784
6.81132
2.62043
4.94664
-2.30746
2.01717
-4.84629
0.542599
0.700589
-0.958627
3.3615
0.0795402
-0.978875
-5.55941
6.28002
0.128545
1.64227
2.52326
0.567514
-10.9449
0.980754
-5.2914
-2.41443
-2.55986
1.61971
-2.74371
1.74527
-1.32355
-1.44978
-0.226262
-2.57591
8.794
-0.265395
3.08621
1.32337
0.479246
0.838822
-2.95062
2.90666
1.67226
4.96028
7.40224
0.122988
1.64979
4.05777
1.79227
4.12874
-1.12803
4.16507
-3.2208
-0.179447
-1.66756
1.608
1.30795
-1.25685
1.1543
0.413864
3.49828
10.6547
-0.812928
-1.70881
-0.26218
-2.49782
-5.49985
-3.20006
0.719081
3.67352
-2.93635
-4.87449
-2.94037
-1.03576
5.7633
0.953639
0.141543
1.18852
7.39591
3.05148
-0.490866
-0.160279
0.897393
-1.21593
0.768088
1.27532
-1.68703
-1.67507
1.56061
2.14668
1.95416
0.720225
11.0957
0.455156
4.46316
-4.34282
4.4395
0.152118
1.30794
4.01358
-1.66827
1.7559
-6.4216
1.38088
-0.847364
9.29926
0.779005
-0.867211
-2.18758
-2.46156
-1.79294
-3.17394
-1.76918
7.89606
1.65444
2.33766
-3.50386
0.960163
3.9229
3.98592
0.0968513
4.54764
-4.24383
4.14675
-4.83144
4.22848
2.02243
3.66558
9.71533
-2.33779
0.0623306
3.63658
1.94836
2.68348
5.41735
1.94981
-0.264204
-0.809403
3.1039
0.513146
4.86924
0.00959205
-4.89301
4.05093
4.13718
2.25682
4.27223
5.60058
-0.372233
5.46801
-0.866399
0.116301
2.8448
6.2563
4.40179
5.26657
-5.16644
1.97388
3.75426
2.06325
2.64578
-1.32757
-5.98546
2.91641
-1.85929
5.92105
2.60192
4.88655
0.482991
6.19784
-0.631694
1.13803
-2.34845
-0.152527
-1.87935
5.98648
-0.113788
4.06776
-4.826
1.67541
1.02223
0.388222
2.65288
6.69363
-2.20907
-2.68291
1.09297
-1.82001
6.15948
2.37519
2.82988
1.65523
6.41083
3.98526
-0.532455
-0.569286
1.49973
-4.49397
-0.749081
-0.689957
-6.15479
2.54673
5.50289
6.50851
6.60885
-0.753047
3.89768
-1.76708
2.83465
13.5731
5.23337
1.46927
-3.7753
3.90259
-2.48327
1.40676
3.34948
2.39021
3.51895
-5.43534
-1.41194
5.06076
-3.93233
0.911917
3.97582
-7.35881
-2.40321
3.14918
10.0547
-0.580333
1.60034
3.79374
0.450902
-2.26355
2.45565
-2.19806
0.98589
1.03648
4.48213
4.56679
4.20258
0.374371
-1.92769
10.0178
4.74274
1.90114
7.19508
0.143913
-3.34845
-1.44579
-6.68222
4.44684
3.39527
2.7974
0.714117
-0.839436
1.22717
-3.6341
1.43995
-7.70109
2.13724
7.75321
-4.41497
4.06694
-3.72765
5.47297
4.29978
5.26628
-0.188113
0.686984
2.68104
-0.794637
3.80784
-1.16076
-0.782673
1.00796
-6.6593
0.457098
-1.12722
10.127
0.36773
-1.75751
2.17994
1.83997
2.38335
5.58964
4.60503
9.20596
-1.16859
-1.50653
8.42344
-2.43408
2.279
3.7552
2.69648
-2.60685
0.607962
4.629
-0.653235
4.38718
-2.33296
-0.869303
5.13352
0.608865
-11.2179
0.906808
-0.0949234
1.04804
-0.704113
-0.795374
0.719471
5.45669
-1.15533
9.4139
1.49213
-4.60659
7.23724
0.31717
2.49093
