4.72453
5.24505
3.09954
5.36131
3.58232
3.60612
3.61362
2.65343
2.08516
0.00428388
1.57281
3.6303
3.91972
4.54603
4.35306
5.6717
2.88301
3.6061
1.98024
3.90074
-2.09485
1.13481
3.97805
0.442604
2.44014
2.90767
3.68813
3.96429
-0.00416516
1.23288
2.70798
4.44543
3.43194
2.73174
3.86646
1.1261
2.93817
-0.140956
1.09078
6.7908
2.67822
3.86913
4.74318
0.832508
2.88079
4.47297
2.42352
3.61443
-3.22607
5.03959
4.24995
1.77958
1.93809
4.59807
1.92639
6.15553
3.40382
3.00182
-4.35572
6.28477
3.46513
2.27217
2.517
2.85782
5.61999
6.3906
6.88073
2.67003
-0.672504
2.87038
3.70295
2.61069
3.56844
3.20312
1.36124
0.261395
7.18269
3.89172
3.3876
2.63287
3.74143
2.97568
2.01148
4.04285
6.98734
-4.63262
4.11979
4.23007
0.190124
0.149756
7.0159
1.5442
1.92719
0.149593
2.88293
-1.00129
2.13621
0.450553
4.23229
5.36385
3.70576
3.77527
3.33567
2.40372
7.54137
3.44806
4.45375
3.6716
-1.39462
5.03614
3.96603
1.42901
1.36381
5.4683
3.33734
3.4692
-1.44686
4.35884
0.74747
3.77888
0.229258
4.92154
5.86837
-1.30372
1.68576
3.41994
0.861686
3.40563
2.93983
4.67021
4.92362
1.5888
2.30936
5.25226
3.9795
0.281046
-3.51279
0.746841
1.90144
0.608022
0.534793
5.28411
0.670474
-2.31716
3.90645
1.44888
1.96822
4.86522
5.47528
2.95427
4.32212
5.33752
1.05271
1.56064
0.567379
6.71974
5.89936
2.42195
2.35789
3.82591
4.43138
-0.0373365
4.91087
2.97589
6.57261
4.11528
2.50408
1.41398
3.88401
4.50952
3.46273
2.23399
7.27545
2.37555
3.16077
1.60643
6.13777
5.00177
4.50684
-5.56784
5.7337
7.09802
1.12405
0.743551
1.68884
1.91939
2.05395
2.57045
0.838566
1.49942
1.86501
7.33482
4.23249
4.38669
1.95001
3.3031
3.19717
-0.903146
2.98146
4.46436
9.13975
3.37731
1.97938
1.25682
4.00092
2.60089
0.0862822
3.68753
0.380938
4.06291
3.70381
3.18217
1.71294
-1.92396
-0.318128
6.09532
5.10901
1.29823
6.07299
1.17792
6.88213
2.3484
2.04473
2.33227
0.561278
1.9834
2.52773
-5.96152
1.96522
0.248945
2.6513
1.85411
1.02483
3.75553
0.0983766
0.176185
2.99226
6.49105
1.91587
4.00193
4.07283
3.8533
5.06399
7.13071
3.14805
5.28107
3.86928
1.80221
1.92926
4.00549
2.58899
7.26746
0.274774
2.38957
1.61467
2.40212
2.36207
4.23019
4.07122
3.34506
4.05825
5.19646
3.33886
4.59743
5.06814
1.46146
8.44071
-5.83104
3.70173
1.09125
4.69549
2.41516
5.7819
4.22934
0.481135
1.43665
5.20959
3.69198
2.51281
2.07175
1.65331
0.454095
4.49673
3.51396
3.68647
4.28504
2.85688
6.44091
3.86059
0.0997381
1.16173
1.79721
0.994891
1.40686
2.21281
3.15913
12.4998
4.42786
0.0997369
3.95448
4.22288
-0.260957
1.43692
5.31253
4.25108
2.94734
4.15249
4.16915
-0.0837129
2.83996
1.04708
-0.566938
-1.36578
1.49171
1.95847
4.01968
1.30267
4.89074
2.31575
5.60659
-2.11443
4.34859
4.9852
5.35931
0.966601
2.78613
0.712517
2.89613
-1.8069
2.51196
2.23828
0.762703
5.32342
2.98988
0.019885
2.03864
-3.74705
3.73615
3.26052
5.73654
6.78966
3.93339
2.45959
0.797785
2.38887
-1.43682
1.68285
6.18066
2.99809
1.46374
1.28741
-0.321171
2.28448
-0.373667
2.4797
4.01646
1.88267
1.68563
3.7844
0.833747
8.29214
5.75983
-1.55134
4.14141
3.79006
3.56887
3.17626
3.3161
2.64204
1.20768
-0.579514
2.5386
0.289222
4.41244
1.28295
7.80128
0.158899
1.98975
3.00672
4.01935
2.30763
0.822886
4.92925
5.58973
5.26484
2.84249
2.75967
4.31355
5.14743
-1.04083
1.31723
4.9471
6.18631
1.36096
2.98801
6.10913
0.867258
3.79152
-2.55078
2.38854
2.79818
8.89497
-0.0478995
3.0267
2.80426
2.99891
3.55458
3.44234
1.90874
4.94534
-2.01932
4.85185
0.863687
3.95313
5.44001
0.225517
1.1741
4.52994
6.94953
5.23185
3.32406
0.225923
4.5667
4.4294
3.85166
4.03491
-2.78808
3.05147
2.17817
5.01432
0.124725
4.52219
5.44746
1.62875
6.10722
4.55183
1.29865
3.87589
6.01246
1.91586
7.2313
6.79223
6.45465
0.940687
2.28084
7.33518
4.3614
3.61558
9.96286
3.10096
0.459461
4.95057
6.29983
4.18956
-0.305989
0.061334
3.62003
3.3893
0.817101
1.87638
3.7747
-1.91487
3.67235
-3.24193
5.04514
1.28669
3.07377
3.55812
2.70156
7.91516
1.37703
3.37412
1.7657
-0.638926
-0.0419189
5.59734
0.387356
0.346214
4.79495
4.365
3.8011
3.6639
2.2398
2.39514
3.23062
1.28313
2.81664
2.0201
0.68593
1.87974
2.0794
-2.4159
3.06773
3.92629
0.240134
1.3964
2.43468
4.96189
1.73746
1.48893
