5.47227
4.24049
5.31796
0.707463
-1.3924
2.38996
8.35599
2.00615
4.9507
2.50019
-0.183342
5.65684
0.933094
0.630905
6.41392
4.53985
1.2524
5.82848
4.64031
4.21958
6.73216
5.7662
5.80087
4.24182
7.88144
-0.796534
1.804
6.14962
5.13
6.35077
4.95294
5.79505
5.30399
7.15396
-5.41938
7.95919
2.63576
4.55791
4.08009
3.17441
3.67927
5.70902
4.53881
0.380374
4.42232
4.0982
9.97954
2.75631
8.59716
9.76047
5.19689
6.62729
5.25761
2.94278
5.8178
13.6287
1.55755
8.9564
3.94861
2.07116
3.61768
0.384745
5.68442
1.82611
4.31923
4.3548
6.70525
7.31492
-2.59038
6.31652
5.13715
6.43703
4.93325
3.63901
6.12655
5.4026
8.85112
3.08435
6.94008
4.73936
6.66583
7.44122
4.76573
6.3341
3.91307
6.00464
4.05714
4.12071
5.92491
6.50645
4.88905
13.8385
4.29237
5.33401
5.81026
4.8787
5.57766
5.26602
4.01464
5.39542
1.28062
4.17
6.86063
-0.858505
5.05982
7.58529
6.82345
4.83379
1.11871
8.28039
4.28989
4.87498
6.11563
3.83093
0.342754
5.48592
4.40549
6.80528
5.88249
8.80534
8.49162
1.72756
7.69503
7.02401
8.14803
5.21884
6.04427
3.45145
4.68382
7.21341
1.16765
3.63534
4.45449
3.12218
7.39333
5.52472
6.97619
8.9707
5.69483
5.43468
5.75413
8.56163
1.96365
0.319715
2.33452
5.39303
4.43703
2.54572
0.524211
4.96776
6.17318
-0.606539
2.34856
6.43193
1.24911
3.76966
8.62652
5.92315
9.39964
6.2767
1.10875
6.44048
4.80864
4.41355
7.32898
5.86646
4.42857
2.65433
5.83627
0.348658
5.49132
3.66423
7.0734
0.237614
-3.27384
-2.22717
10.6147
4.36257
8.53535
5.767
5.58587
1.6181
1.05774
3.40502
4.27392
4.46415
2.64025
6.97376
5.29932
5.19138
2.95872
6.69355
4.01015
3.47571
7.81205
6.54237
6.29259
6.56446
5.05678
5.69468
2.52908
6.88943
-3.8648
7.35731
4.97484
6.34662
4.92235
6.83157
5.36731
1.55575
-10.8905
6.73291
4.52298
3.88353
4.49745
0.89522
7.68961
-0.175285
8.53767
-0.564705
4.84437
5.71576
6.4182
4.32009
5.33713
4.39686
6.3478
3.4632
5.88682
5.27118
6.36888
1.09884
7.42299
0.992319
5.16659
4.0164
6.10741
1.86185
0.365376
3.71557
6.21544
-0.470196
3.9516
3.61846
13.4794
8.63416
4.17318
3.62916
0.312867
2.61743
5.45391
10.5271
6.83838
5.41294
3.06356
6.09106
6.02591
8.26958
5.41811
5.3905
5.13137
15.6801
6.74886
6.83882
7.40272
6.39277
6.88178
1.73032
5.72248
0.90023
3.67736
10.1377
6.03504
1.14028
4.23537
6.40514
7.41719
5.87752
3.60038
3.69501
10.2509
5.01418
8.98006
4.88103
7.23519
6.06903
1.3831
-0.809827
8.06052
2.43649
6.11764
9.01464
3.77687
4.55195
4.17885
0.55881
8.29239
5.9661
3.87544
5.8558
4.02285
5.2758
2.86733
6.2307
6.83717
4.90619
-0.930601
8.68279
4.23948
7.73686
4.55937
10.6215
7.74445
3.43865
6.5376
9.1033
4.38435
8.4361
2.01613
3.90325
6.83567
7.00841
5.0453
4.7285
6.24098
6.46603
5.45496
5.57217
5.52631
8.55889
3.89803
0.862345
6.11718
6.62087
5.59902
7.81744
-5.62847
8.17886
6.9143
1.33919
4.60751
0.575418
-5.982
4.87093
9.09024
4.77077
0.0116248
5.88016
6.93842
3.58888
2.77988
0.144624
4.78585
1.46365
5.91018
12.2205
5.11987
7.30276
3.27922
4.09355
6.99791
3.42159
1.56838
5.21684
6.78652
5.99615
2.59426
6.21668
7.20411
2.80773
0.436753
4.09963
2.33832
7.69198
6.53181
4.57056
7.87266
5.59288
2.01542
5.73316
9.4309
5.42383
8.40523
4.1593
0.747116
7.02633
4.68082
-2.44832
6.03242
3.43532
4.12546
6.07439
7.8611
6.67663
7.75671
7.26414
0.301302
3.24033
7.18008
5.34059
-2.06781
6.90765
2.90487
0.319566
3.37123
6.98663
7.11391
7.29415
15.4214
6.83386
8.87624
9.06723
2.59426
-2.16083
7.02507
7.41924
6.08832
1.76766
5.11255
2.51475
6.21409
2.69604
6.95876
8.11448
4.4837
15.0226
3.13363
12.7158
6.5038
5.59504
-1.02751
6.262
3.97914
4.6653
6.51354
3.31116
2.31081
5.70519
4.8375
4.27429
5.33449
1.57806
3.41059
5.2303
-3.30376
4.24399
3.41574
6.37606
4.71957
-0.930826
7.94302
2.35614
5.51095
9.88023
-0.92256
-8.0834
2.843
4.63783
4.57104
7.33489
5.60727
4.67793
5.83942
10.2431
2.92019
2.73501
4.23058
5.1453
5.6172
1.10207
5.05523
6.504
5.44047
6.1187
7.55828
5.92064
5.51917
6.81001
7.44115
6.25037
0.380115
0.461222
7.37076
6.8974
4.14433
0.931653
5.36506
6.03454
5.64031
6.05317
2.98555
6.26449
3.42311
6.82155
3.97522
2.08618
-6.83566
3.93672
2.3235
6.97137
