3.04742
1.68767
5.5386
2.25329
4.94693
2.84439
4.28865
-0.751989
-1.47762
2.79697
6.01512
8.65975
4.40565
0.900282
1.73095
6.97363
-3.9622
2.74104
1.75575
1.00129
-3.32649
4.02612
2.85759
-5.13232
3.10863
4.52016
5.80067
7.8494
6.72185
2.90073
4.15734
4.73562
1.93687
6.11118
-0.318174
0.49198
-0.0149205
3.35917
4.29405
5.12262
3.70261
0.727488
4.45657
12.4646
1.57133
4.56883
-2.85919
8.34185
1.33437
1.29225
2.75261
6.19107
5.67444
-14.8691
7.7293
2.34807
0.748031
6.49256
5.72688
3.12655
3.99132
3.42458
-9.24983
2.16616
2.04243
2.5055
6.9388
8.67285
5.23054
8.70462
-3.60286
6.51115
11.7063
6.14295
0.878819
2.15636
1.83432
6.37078
-3.73812
11.0217
-0.941408
1.26471
3.60172
2.9011
0.319168
3.31058
4.57147
3.00611
5.2037
-4.14918
-0.0734039
2.02802
-0.0201015
2.60066
4.46331
-2.90894
-6.44027
3.29536
6.33208
2.32353
4.44504
2.67963
3.29369
5.3977
6.15543
6.0345
5.47768
4.84582
1.12904
3.56034
3.69027
1.67894
-5.18321
4.68422
6.18739
9.13073
4.55917
3.89183
7.18418
8.85791
7.49132
0.828714
0.0518162
4.69679
-1.96951
-1.25248
5.48196
5.09972
3.66506
8.45034
3.93759
-1.21897
0.905858
1.89587
5.05851
1.34155
6.29559
4.68209
3.58974
2.96318
7.47517
9.11002
0.209506
5.16459
2.4549
1.31374
-2.34713
4.36506
4.40109
7.26929
3.54212
1.17383
1.49603
2.34204
-4.41768
1.76196
0.741924
6.17261
4.3363
1.92464
3.67508
0.0192777
0.450765
3.23758
11.9349
-1.16449
5.57206
2.89407
6.77627
5.35463
8.24754
5.28407
5.47218
0.0362929
3.81048
11.4417
1.93597
-0.790331
2.65684
1.87248
2.49201
11.0592
1.31903
7.47248
2.35022
7.54827
9.16891
1.23346
3.90031
10.9307
0.743528
5.59088
6.87913
1.58849
5.43178
5.76635
6.2688
2.19679
3.98517
2.75691
3.57817
4.52285
9.00472
3.22556
2.68421
1.82665
2.03382
6.72978
4.99942
7.18671
-1.64676
3.39416
5.24655
6.64663
6.65449
11.7406
4.11052
3.00346
7.45609
3.37033
-5.23056
3.422
-1.59465
7.15254
5.45345
-0.0185239
2.76935
9.13057
-2.58091
6.2675
5.71123
4.48866
12.6118
6.34625
6.80326
8.10832
3.8129
5.55573
-4.4927
6.03022
1.4293
4.04837
2.93946
4.39455
4.0333
-6.58081
4.61033
6.24547
4.53086
6.51427
3.01904
4.45415
2.92873
2.72023
4.89149
3.57172
3.91849
8.28919
9.39697
4.05584
0.436431
4.32874
7.31274
0.785342
-1.37292
4.82488
6.62255
5.18736
4.84778
2.64517
3.53972
4.40478
1.6366
2.94775
3.72603
1.1785
3.12183
1.48877
5.83368
8.29685
5.58935
6.59141
7.59509
3.16011
4.78654
4.23505
1.11108
5.67111
6.25394
3.38994
1.18666
3.92112
1.95089
7.419
2.55939
6.38814
5.20326
5.75703
1.74718
6.24552
3.1046
1.58075
3.00831
-0.796788
1.01363
4.3923
4.57587
-5.55693
-0.127977
4.54941
0.285715
7.13593
4.5498
2.10477
11.016
0.874345
-0.838058
1.50479
1.63123
0.545899
-1.26561
2.89921
3.65519
8.43383
-1.68273
2.69687
1.42274
7.61787
6.05368
6.2556
3.36795
3.28119
-4.79307
9.97773
1.85017
10.1446
2.43163
5.06741
3.41214
5.66539
2.39905
-2.92623
7.63897
4.69925
5.85254
5.97356
0.304312
1.86799
1.85017
7.4934
1.18601
3.46397
3.01302
7.55404
4.3275
3.56718
2.32878
-2.39417
5.22505
6.03267
7.59103
-5.10169
0.527389
4.57356
4.5282
7.18134
4.32495
9.7647
2.61803
6.87019
-5.03992
5.28399
5.43326
3.17864
6.25335
5.85568
0.187287
5.19892
4.69181
4.77686
0.0185177
7.74207
1.67802
3.08018
-6.892
4.08218
1.65738
-2.49684
5.56669
-0.726139
-5.09749
1.86496
4.93141
1.2024
4.18112
5.70897
4.73574
7.63909
-0.788901
-0.325654
1.12488
5.99084
0.762716
4.41723
9.26987
7.72363
-2.12381
-9.92066
6.43262
4.00858
2.89177
-0.162042
5.59236
2.44592
4.97121
6.51483
2.10429
6.17962
3.1883
7.00265
-6.08688
2.27202
2.9575
5.23575
6.93927
6.8129
5.39225
0.555659
4.51023
5.61329
2.39226
6.35488
4.76124
8.73134
-0.889664
6.95445
9.62628
-7.83012
6.33097
4.06069
-1.06878
0.757402
3.0576
2.61633
0.600417
2.60218
3.88277
4.01029
7.62647
4.81117
3.81575
-0.339023
5.89214
3.42983
8.10959
0.218602
4.28012
-14.3283
5.17165
0.901793
7.90298
4.12269
4.15926
0.482774
5.75346
2.22084
4.74701
3.09876
2.27777
6.15186
-0.271352
4.8691
3.40256
2.07797
3.04112
-0.398343
4.90445
8.13793
-1.1997
8.15882
0.265927
4.34097
5.61413
5.86668
-2.47842
6.22997
1.70607
6.55979
1.31128
3.66838
0.870334
1.99403
1.03413
3.92294
-16.1314
10.9023
9.69292
4.76985
6.0135
1.2758
