2.34067
3.22268
3.90258
3.97076
2.74972
3.02462
3.88295
3.01453
3.95304
2.17054
3.5429
3.89205
2.93041
3.06296
3.55045
2.29287
2.63026
2.9983
1.08576
3.16019
1.47765
3.21023
3.87112
2.95992
3.75944
3.40423
2.13871
3.93186
2.82643
2.77379
3.26405
3.20122
2.05987
2.32376
3.1575
3.16138
1.43186
5.44122
3.54118
2.83113
2.47166
2.94591
3.19288
2.57924
2.83034
2.9261
3.15128
2.11189
4.23569
3.08765
4.5037
3.2521
1.78614
2.50985
1.91247
2.52304
3.45712
4.78322
3.45073
4.94372
2.77774
2.33993
2.88269
3.07112
3.45475
3.09239
3.52111
3.113
4.0359
3.36109
1.94596
3.49672
3.46358
2.33749
2.84522
4.10277
-40.1422
5.12788
3.78192
2.44385
2.14294
2.01142
1.07108
3.15794
4.06009
3.28801
3.35408
3.99423
3.77757
3.08826
3.94276
4.30132
3.19425
1.26858
2.90557
2.55366
2.62933
2.59935
3.45498
2.81058
3.3998
2.75232
4.03138
2.94493
2.8574
2.43737
3.26092
2.21102
1.75415
2.3072
2.76335
4.10301
3.69825
3.86016
2.81763
0.871504
2.16607
0.877053
7.5813
2.49829
2.7678
2.2803
3.28302
2.51538
1.99671
3.4879
4.10927
3.39249
3.25643
3.26967
3.03906
3.71576
3.30817
3.44964
2.5259
3.16534
1.75561
3.74778
1.88747
2.80017
1.7099
3.56491
3.39264
3.60354
3.66288
2.34249
3.07053
3.65457
3.99044
3.20404
2.28014
-6.8442
3.2891
2.06563
3.31586
2.76157
3.15676
3.99219
3.83792
2.98632
2.81956
3.18933
2.33584
2.7038
3.40418
4.26011
3.9956
3.07664
3.30081
4.18975
1.82448
3.41782
3.73033
3.52673
3.0821
3.36193
3.72867
3.01941
3.54398
3.15457
3.06275
2.50585
3.21447
3.69992
2.62051
1.51981
4.92767
2.33538
3.19128
2.88492
3.25197
3.75392
3.84479
3.54791
3.11471
3.61035
3.04641
3.87181
0.976605
2.88614
2.62287
2.18897
4.26299
1.41025
2.5333
2.46016
2.72978
2.52868
3.32981
3.35867
2.07485
2.20959
3.13806
3.87291
1.94661
3.29904
3.01894
3.04932
3.41027
2.72935
2.36945
2.94003
3.60184
3.57199
3.82523
3.57905
3.06829
2.5503
2.5231
1.03698
3.41107
1.6805
1.82683
3.24064
3.23288
2.18888
3.5279
2.4354
3.28642
3.57624
0.635409
3.43764
2.87919
2.13541
2.69893
3.28283
3.44063
2.26007
2.70526
2.62218
3.39516
3.58538
2.41467
3.33426
2.31501
4.50195
3.53421
2.98107
2.49319
2.71747
3.43708
3.22097
1.83485
3.31799
3.15608
2.81563
3.74138
2.73138
3.17298
2.7037
2.44111
3.05044
2.39351
2.85128
3.38253
3.83215
2.85777
3.01905
3.11169
2.5579
2.01009
2.00519
2.81121
1.71374
3.31214
1.00047
4.0821
3.36023
2.16838
3.61154
2.91803
3.42458
3.88405
2.35223
3.03058
2.96476
1.04896
3.01803
1.88773
3.67013
2.77758
2.56762
2.97713
2.40456
1.63688
3.90282
1.67592
3.35066
2.87298
2.99479
0.822889
2.89277
2.66378
4.76588
3.61838
3.66288
2.65296
4.29537
3.94978
2.68326
2.49993
3.16351
3.62492
2.5486
3.65719
1.90851
3.1529
3.42669
3.73453
2.20032
2.91237
1.34945
2.5241
2.77082
3.44581
2.89202
2.20215
3.12488
2.81201
1.98766
3.55779
3.23401
1.79899
3.36747
2.67963
3.65918
3.63797
2.33429
2.60735
2.68032
2.43697
3.13963
3.85023
2.51504
2.5294
3.00787
0.386394
2.9022
2.309
2.94981
2.65124
2.85067
2.82651
3.09281
3.18975
3.00562
3.2057
1.48516
2.96254
3.60861
14.9309
2.6867
2.39176
4.18039
2.88458
-2.76077
2.46377
3.28484
2.14589
1.75545
2.12601
2.58268
2.77444
3.12457
4.13304
0.834718
2.2353
3.02899
2.25734
2.00603
1.49698
3.16302
3.48416
3.78837
2.98132
3.21528
3.36718
2.82451
3.15221
1.81982
5.90434
3.18288
4.77282
1.289
1.87391
2.41085
2.23174
4.59702
2.59512
3.02837
2.71336
3.04071
3.02013
1.42033
1.65886
2.02806
3.49884
2.2554
3.24826
2.86165
2.60768
4.27359
2.46323
2.97561
2.67488
2.12111
2.88003
3.71341
2.80283
2.74015
3.20447
1.00121
1.73336
3.59549
3.39267
1.75981
2.85891
2.99992
3.15628
2.55003
2.26785
2.42288
4.19536
3.0097
2.39724
2.70702
2.53317
1.13274
1.94178
3.84733
3.30351
3.54674
4.08858
3.932
2.32348
0.951029
2.22061
2.3939
2.62855
1.85118
2.7841
2.90339
4.04266
3.43818
2.24203
2.58608
3.09632
3.24532
3.29982
4.33903
3.66377
3.95079
7.97689
3.16847
3.32379
4.00007
4.45875
2.95295
2.10589
1.93979
2.8045
4.2484
2.32916
1.68317
2.24664
2.44625
3.35652
3.73895
2.6385
2.61299
3.04379
3.20523
5.38215
2.41254
2.61169
3.08855
2.15852
4.10988
2.82143
2.96283
