7.04667
-2.88781
5.38986
1.39735
9.1095
1.15476
12.1745
0.998332
3.04579
15.2528
5.31333
-1.72945
3.77632
-0.313997
0.994372
-3.99083
-6.27891
8.08435
4.95176
16.3083
-1.92431
0.447359
2.99787
15.9985
-2.33312
2.96808
-0.708133
4.74614
-4.42673
11.6935
15.13
0.405411
8.64129
-1.31093
6.27368
6.94084
1.10363
3.69943
1.23139
-4.49319
14.7263
12.503
4.6333
-10.3439
11.5205
-4.84527
3.98394
7.09501
-0.877864
-7.32824
7.34183
-6.07528
-7.91854
11.6385
-2.81632
2.57601
-0.555151
1.6736
3.345
15.4474
2.18096
3.66677
16.7707
7.3601
3.82236
13.1914
-3.74348
3.7662
8.74143
3.56183
3.27196
6.68128
-0.320473
7.25795
3.93492
1.92953
18.5466
3.05508
-3.93712
4.20035
0.839911
-2.22334
-2.46486
-1.44368
8.90181
1.22628
6.58247
-0.603388
4.18132
0.846211
-0.220477
-4.9243
5.80212
7.18588
2.07028
-0.175856
3.73925
8.71809
3.82056
7.96815
4.54288
-1.20975
2.65104
0.833788
2.22814
-2.71533
3.966
3.10207
0.13791
4.11199
-0.816354
2.25154
3.77386
-2.69564
3.95134
10.6339
0.204772
11.0379
-8.59506
10.6288
4.37654
0.0631708
8.17533
11.352
-2.55719
0.820359
11.7201
3.12493
12.5517
-3.60575
-5.71699
0.482952
2.85533
3.90952
4.76376
4.23578
7.75032
2.21742
-5.46274
9.03448
16.7041
3.42223
9.99473
5.158
-4.61231
3.38117
3.42812
2.58144
2.94568
15.0037
-3.03655
5.2416
-1.67383
16.4312
0.682307
11.6138
9.84492
6.17429
-1.97599
6.1555
8.49137
6.16972
8.02785
0.107003
-2.12652
1.06863
2.85053
4.90267
3.33856
4.20658
-5.05692
10.0655
1.88196
7.96949
-5.81214
-2.97504
-8.51186
9.1507
2.98167
-2.32707
-1.54236
11.8585
5.61252
10.0262
1.53776
5.86055
-0.0460147
-1.56721
14.1666
0.603731
6.57296
1.97218
-5.45514
4.80184
1.14494
8.52849
4.93066
0.13045
5.39041
3.41878
8.57751
10.9916
4.86286
-2.59792
7.59199
6.93791
0.315784
11.7054
14.0063
7.87338
2.69249
8.04058
3.13533
11.2774
1.48976
3.58378
4.46179
4.19117
6.54613
0.366549
-2.99542
-1.00773
-6.07183
17.353
8.66217
8.9907
-8.11515
11.2583
4.09086
4.6294
9.71591
2.20064
4.09494
14.2461
4.27763
12.6755
2.5771
-2.49292
3.11557
8.24632
6.48622
5.13022
7.18086
2.80959
-7.30348
-3.70618
7.29583
8.46356
6.48549
-0.540416
0.942219
1.87644
10.6298
6.47321
1.9737
5.66846
14.6999
2.90649
4.51064
7.61838
-7.03469
4.72131
6.97333
1.50709
1.30439
10.8185
5.96368
3.47618
9.35531
4.04892
1.00694
6.17942
4.369
3.93447
2.77792
10.1287
5.15993
-1.01446
12.3318
0.770284
6.58415
-0.837616
0.642029
-4.94294
1.91916
8.40435
-1.54556
-0.240686
9.00535
-3.70393
1.41002
-1.77653
5.81245
12.8013
3.75491
-0.952027
2.9374
-0.97129
-0.52469
2.52427
-4.84815
2.60638
-1.70163
3.82747
4.67762
4.36803
-8.92929
-4.4902
2.88754
-4.32322
-2.40369
3.54988
-7.40668
11.5957
1.73441
-0.434436
7.99345
-1.31463
0.335206
-2.00412
10.7436
3.93106
0.860004
9.52103
10.2856
-0.758591
3.84121
-7.95252
-0.761053
11.941
6.5367
-0.301249
2.54152
-0.533568
-0.81338
-4.16127
-3.81147
0.447064
5.80779
3.57891
0.89898
-0.363482
0.816093
6.6573
-7.49351
-6.61349
6.4716
-0.268793
4.57082
-4.63282
6.69586
-3.16789
16.3964
4.38435
6.35715
-2.47425
3.91722
5.87839
3.8941
0.681431
1.68539
11.2333
-2.76652
-0.590654
-1.03802
1.73934
-6.71477
6.45736
7.56438
1.30287
-2.18828
-2.87075
5.78241
1.35798
-3.34336
-1.79375
2.07141
-3.48985
13.6485
-5.23797
6.22496
-0.777375
14.1265
-0.204751
8.24678
-1.80303
13.7425
4.38847
-0.729751
13.7635
4.60679
1.38917
6.03759
7.12296
0.187452
9.11134
7.8515
6.32281
2.20023
3.47654
3.57389
-5.46755
4.03757
-9.78607
12.5926
0.212262
3.57052
5.99657
6.27444
7.15605
-1.44337
1.29175
-3.40942
1.82402
1.54618
10.5647
2.4691
2.7262
-0.985371
9.27992
8.33337
-0.058688
-1.00071
-3.28654
0.401088
-9.32382
0.560206
-3.99862
13.3974
4.98401
3.63931
-1.93494
-1.08688
-7.00204
-1.20789
4.6152
1.60484
-1.65616
8.86032
-2.14507
0.744583
4.49939
5.60119
-2.59774
4.17918
12.9303
1.77938
2.85058
7.38524
1.36068
6.94996
-7.21575
-11.6655
-1.28633
-0.410053
-4.91928
0.786411
-4.38369
11.3126
0.878135
-4.60146
-1.14715
7.67614
-3.26368
0.595956
-0.184754
-4.77538
3.98471
0.259573
-1.40171
0.344615
6.59262
10.6986
19.7897
-1.3815
-10.3493
-10.6237
9.02336
0.83686
13.0373
13.595
-0.136999
10.9873
-1.35804
6.59914
7.74516
4.81728
7.59203
3.60345
5.29618
9.90999
-0.403447
-1.55893
7.46529
-8.48709
-3.187
-0.555591
5.28607
-0.197793
0.906666
