3.71527
3.3521
4.65084
3.33293
5.0192
2.91189
2.94359
6.09726
5.11552
4.03044
3.73752
4.21718
4.08081
3.36638
6.14774
4.42591
2.73318
2.90539
-0.121717
0.980607
0.67847
5.14244
3.68502
2.5402
3.58621
2.86622
3.80759
3.89805
3.93283
1.6123
4.62798
4.96227
4.76178
1.70677
2.65394
3.91025
4.05342
2.55263
1.93892
4.13757
6.51711
4.11145
5.0139
3.10575
3.46943
4.27755
4.87433
2.98276
1.6593
3.87357
3.36944
3.57718
3.50873
4.97
1.33362
6.35444
3.29031
1.43427
2.40034
0.996393
3.55932
4.26402
2.6641
1.82273
-3.3067
5.31825
4.69398
5.59358
4.62821
4.09632
5.27092
7.20777
2.53187
3.94589
3.90065
3.1696
4.64959
4.53383
5.33077
3.63915
4.06091
3.72663
3.03932
4.16589
4.15945
5.89692
4.24362
5.10596
1.70466
5.40112
3.5265
2.1927
3.61966
4.50953
0.0306722
7.15542
5.33476
4.1037
4.99282
1.21984
3.85664
3.30111
2.16683
5.13687
5.17258
2.13992
4.56892
2.82098
3.53657
4.56157
4.62552
5.29665
3.84372
5.28488
0.465231
1.73634
3.36898
5.35553
3.49188
6.5372
0.436312
1.71916
4.76675
0.888241
3.49773
2.20001
6.63011
4.99181
5.68564
5.3933
2.84519
2.67334
4.68019
3.98128
3.71646
6.72317
5.26097
1.94624
2.60864
4.08161
7.27372
2.33738
0.258277
2.8975
4.43301
5.64546
3.18641
3.26321
3.44432
4.70666
4.5064
3.51968
2.87752
0.578724
5.26275
3.14747
0.0822425
3.89081
2.48955
0.860679
3.39184
2.45398
4.0786
5.43912
6.27947
5.0066
4.8921
4.09754
0.791024
3.22335
3.41161
4.68952
4.31788
2.53506
0.307139
3.8924
3.64715
1.93088
5.11854
4.72043
3.55733
3.26055
5.48072
4.35461
0.482179
0.989497
0.162126
4.9283
-0.822628
3.92804
4.78366
3.13658
2.09522
0.508416
5.0244
2.84038
5.23742
1.76451
1.47462
3.46698
3.24247
4.33963
2.53279
4.87627
1.47485
4.31793
4.35228
2.93984
5.62202
4.00893
3.41995
3.14553
3.30581
4.06981
1.93745
4.28267
4.52417
4.96069
4.96284
2.29556
4.01857
2.80058
3.9341
4.39992
2.92399
4.08294
3.46431
3.70283
3.16732
4.01193
5.83037
3.64289
3.69589
3.28594
3.55387
4.2294
1.79375
4.26413
4.71958
3.59586
4.01255
4.97931
3.80812
3.02252
3.25833
1.21529
3.51478
3.63097
3.6579
3.42126
4.85715
2.95945
0.159397
3.96476
4.9477
3.88437
1.05101
3.49807
3.8975
5.51308
1.34981
1.38362
2.43757
5.05922
3.01351
3.6033
4.40993
3.89159
2.78424
4.23271
3.16415
1.98051
4.45267
5.62092
1.51486
-1.54151
2.95716
5.30716
6.0492
5.48785
2.38184
3.56987
3.10424
3.38741
1.46733
1.43981
3.50932
3.4429
5.76128
6.85708
4.99495
-1.12902
3.42099
4.3516
4.39834
2.77745
4.51397
2.49654
4.32522
2.20413
3.04346
2.89174
6.9973
3.15839
2.71796
4.40991
4.99094
4.49078
1.72809
3.77847
3.37922
2.74094
4.15799
5.24063
3.78146
3.71449
4.55035
4.13012
2.94455
5.61532
3.58628
3.89223
4.89143
3.34431
5.60142
2.29978
5.01969
5.43331
5.91512
4.19485
4.57342
3.94589
3.73652
3.61033
4.07298
5.21196
4.57984
3.5683
1.34823
3.98998
4.48469
4.53832
2.63002
3.6529
4.3053
6.05095
5.53187
4.17676
4.93275
4.63982
0.296197
5.8833
4.79865
4.08525
1.85084
3.94302
5.17304
2.31591
3.90381
3.30159
-2.2659
3.67433
0.595322
4.06669
2.90191
-0.629937
1.25284
3.89034
3.50114
2.10738
5.23224
2.75312
1.42445
4.93765
2.35297
5.0093
2.54618
3.61946
3.48635
3.31204
3.11269
4.81103
4.64362
4.30334
3.40873
3.3872
7.29753
4.33974
6.16235
3.95946
4.5224
5.59941
7.28861
4.20693
4.34692
4.47693
4.0454
5.48732
3.49448
6.03675
4.36893
2.43972
2.30015
4.32804
3.18021
5.0258
0.589496
4.71864
4.08611
2.90036
2.93576
5.1293
4.30863
0.392119
4.51008
2.88433
3.81119
3.36415
0.225439
3.49648
1.20441
5.4142
5.83088
5.34454
5.66683
2.73146
4.83381
5.42755
2.37756
3.59779
1.72257
3.00571
2.46576
4.83137
4.2568
4.66794
0.341203
3.59772
4.79017
6.50677
3.63524
4.9843
4.29352
1.96954
4.4432
1.8635
3.32826
3.57332
2.25092
3.70892
3.76733
5.64042
3.2542
2.3733
4.10124
5.0748
4.27959
3.25928
4.56074
4.43125
5.33675
2.14197
-1.55186
1.48937
3.78213
5.64446
2.71158
4.19537
4.20065
3.11198
4.32003
4.3334
4.22527
1.69995
3.0507
0.0431038
6.43484
3.24311
2.12288
3.43374
3.88884
3.90971
6.67561
4.52163
5.95727
4.87928
2.87401
3.84295
3.52316
3.73697
3.69071
4.61984
2.71645
1.72453
4.42294
2.12316
2.55526
4.09133
3.84987
3.11495
