2.94222
1.35518
3.00186
0.557073
0.859033
3.41351
4.16321
4.5071
2.96339
2.80361
3.09713
2.55248
3.17066
2.65888
3.48448
3.4045
2.29803
3.01156
2.44325
0.0565279
3.86589
3.60981
3.98796
2.27834
2.52246
3.64736
3.96687
2.32913
1.46614
2.11247
2.14862
4.20011
3.48996
-1.07282
1.89749
1.65294
2.44795
3.78751
3.14579
2.78126
3.898
1.80629
3.06489
4.3001
1.17102
3.96643
3.25661
2.98744
4.47832
4.08907
3.08564
3.46082
3.15914
3.12287
2.3692
3.01592
4.20578
3.34009
3.51431
1.62176
3.35698
1.94993
3.95813
2.74854
2.58901
4.02954
4.0294
1.6351
-2.14109
2.5533
3.55059
2.89448
3.60882
3.05415
2.46386
3.04157
1.21881
1.87531
2.34547
3.60824
1.86525
3.30168
2.97223
3.50474
2.3434
4.18933
2.15695
2.66408
3.23226
4.37952
3.086
3.6141
1.90609
2.87162
2.70557
5.55251
2.20803
4.34202
2.6318
2.9974
3.35264
3.45627
3.95579
1.73061
3.05291
3.11297
3.19981
3.90315
2.44661
2.16379
1.55135
2.96553
3.37193
3.03485
3.33581
3.4855
3.15137
3.58376
1.10335
3.23887
2.9237
3.22781
4.32769
2.40372
2.818
3.20347
2.41744
3.35026
2.5735
2.20392
3.08168
1.86645
-0.480557
3.83313
3.51029
1.74069
2.39689
4.481
2.56308
3.53235
2.56037
2.41985
3.04508
2.31212
1.81084
3.24339
3.06647
3.19905
2.58055
3.12332
3.44203
3.24631
2.70341
2.88339
3.25817
3.38948
4.96854
-0.513958
3.1384
1.57864
3.79845
2.61422
2.75561
2.13793
3.36977
-0.157737
3.31563
0.382228
4.09523
3.67155
5.54724
6.24689
2.08291
1.8042
2.8241
1.26163
3.81496
3.85981
3.4665
3.37949
3.74733
3.13587
1.79784
3.72313
1.47909
3.08223
4.09464
3.89801
0.754118
3.34286
3.23178
3.22326
3.29512
2.52919
2.64428
3.53791
3.20612
3.22673
1.65904
4.77152
3.60114
3.65418
3.11155
3.9909
3.29958
3.48341
3.72761
1.83242
3.82257
4.26136
3.17469
3.60577
2.10329
2.73358
0.876388
0.934263
3.3635
2.58985
3.04821
-0.925081
3.18309
-0.12221
2.42262
5.29516
2.43153
4.63694
4.18299
2.37664
2.85604
1.59774
0.243674
2.94956
4.06612
3.3741
2.84063
3.7403
3.84682
2.53252
2.68447
2.75853
2.454
2.42597
1.48352
4.14508
3.38924
2.93714
2.65687
3.48162
3.21705
3.50234
0.566725
1.794
2.88632
1.35586
3.27651
1.94168
2.70915
1.93698
2.29379
1.80775
3.39122
2.58066
4.083
3.34952
0.974301
2.06363
3.73536
3.4014
1.80178
3.13105
3.95993
4.93767
2.39671
2.87797
2.54278
3.0692
2.74268
4.42145
2.7202
4.17011
2.1522
3.48487
3.23086
2.10326
3.10782
3.67907
2.87097
4.32688
2.17884
3.39982
-2.34511
3.17583
2.96386
4.96604
2.90986
3.55799
3.85826
1.29491
-1.54122
2.44757
1.93971
3.07045
2.83545
4.41513
3.50447
2.91548
3.3909
2.92465
2.13876
3.34337
4.58215
3.44456
3.06683
2.6189
3.31387
3.33722
1.75076
3.91645
3.61139
2.73329
2.82132
2.79848
3.23218
3.76565
5.54123
2.94385
0.239901
1.91381
4.29097
3.35993
3.87843
1.10474
3.43331
2.15069
2.23563
3.05344
2.2893
2.71372
2.56037
3.51774
2.90319
-0.463334
2.27707
3.26574
3.58674
3.37526
2.74161
1.95776
3.6317
3.57866
3.14263
1.28376
4.16341
3.17663
4.1031
3.52223
3.2427
2.64592
2.87264
4.04046
2.77424
2.80687
1.33062
-0.0163582
0.790852
2.61286
3.80085
2.62455
2.92895
3.09089
3.17664
3.23227
1.88821
1.85165
2.68177
4.67245
4.10617
3.62232
2.06045
2.69653
3.17126
3.86081
2.70626
4.06135
3.46362
2.05118
3.38828
3.92137
3.51276
2.42412
3.34009
4.46311
3.38915
3.39856
2.70834
3.27606
2.11257
2.83851
3.78676
3.90964
4.39
4.22129
4.12685
3.70268
2.53126
2.64583
4.52873
2.5861
4.03741
3.87731
4.02628
3.10319
3.60233
1.11742
1.93893
4.63563
2.19537
2.22813
2.47761
2.91872
3.37725
2.92154
3.63517
2.11163
3.93239
4.36604
3.6403
2.73536
3.76077
3.3217
2.99039
3.24064
2.76405
2.60718
2.78964
2.73404
2.04056
2.52332
3.11161
3.64225
4.30501
4.49926
3.70098
2.77527
2.42706
2.88071
2.59833
2.97636
3.19245
4.19469
4.01181
2.40175
1.00723
2.98136
2.93841
4.33155
2.1925
2.07179
2.75694
3.23168
2.32077
3.66246
2.22017
3.72144
3.47572
4.16554
3.27817
3.18312
3.45476
3.68748
2.86813
3.31839
3.38567
3.21427
3.76958
3.70868
3.41956
3.2703
2.07445
3.56337
4.5205
2.86348
2.94244
3.0572
3.1111
4.82311
2.81804
4.76941
2.93911
3.87202
6.1435
3.30815
2.42993
3.6491
3.3465
2.28576
2.56871
2.78057
2.7193
3.83693
