4.39155
8.67933
1.89161
3.7027
4.19449
4.82988
4.7102
4.18692
3.72985
0.487454
2.80115
9.02908
4.7683
2.92238
1.50119
4.20453
3.52975
8.21161
2.50733
4.05606
6.0372
3.55613
0.482487
-1.90483
3.64521
6.85279
9.71246
4.00276
0.712804
2.19323
2.59724
0.63784
2.14859
4.50057
2.83273
3.10153
4.3232
3.87019
6.16227
2.76249
4.52171
2.86712
5.47666
1.67637
3.44951
5.69847
3.52827
4.5792
7.90259
6.29443
2.67457
3.84415
4.26562
6.37364
3.42496
2.37675
4.19125
2.50597
4.41657
3.12107
-0.176652
4.54781
2.18296
3.75966
5.06612
0.244499
6.72174
9.04052
4.5578
2.72626
1.95703
0.436948
0.534949
-2.08022
3.82002
1.11615
6.53375
16.4005
4.42879
3.54649
2.71895
12.2315
4.35648
3.79867
1.01463
2.89695
1.15678
2.48191
5.77454
2.49525
4.76662
1.8628
2.9507
4.26068
4.16831
2.08522
5.59109
1.02156
4.56801
3.29486
3.82072
4.48099
3.66817
8.3464
4.84562
6.45838
9.12999
4.22417
5.06778
1.81194
0.739978
4.24349
6.9833
9.37101
3.49072
5.41022
2.26938
1.21813
4.52834
-4.38417
7.3505
10.0056
3.02165
2.18002
9.89393
3.14104
3.10495
2.74183
7.94386
5.20248
4.27373
4.78556
2.30411
2.83609
-0.100117
4.96132
4.61083
7.642
10.8871
3.64929
3.02562
1.57489
3.64516
4.5488
2.30672
3.16284
3.24854
1.92823
3.97818
-3.80554
7.33393
1.30541
3.65036
3.60465
6.30027
2.35704
3.57736
1.54414
-3.66254
6.43773
2.96887
2.22909
0.895737
7.3091
5.07131
2.56037
11.0589
2.54381
4.78415
3.69198
9.22345
0.93003
3.62346
3.41062
0.85005
5.76599
1.76796
5.57078
3.65322
5.16485
2.59031
3.20445
3.45546
7.35992
5.60597
4.58251
3.99208
-0.132328
1.68195
2.2789
2.72893
4.54778
4.5752
4.46456
3.49149
9.11334
5.78976
3.50969
3.03507
2.7587
1.27964
5.20167
4.74376
2.31388
2.97811
9.16958
3.66544
7.22463
2.78669
3.57115
2.37649
3.73545
0.263642
10.2213
3.73282
0.730286
3.57346
2.82571
1.99416
1.86351
2.70843
3.76767
4.0336
2.44713
3.87133
2.49216
1.81485
8.0901
-1.9664
3.26855
4.78279
3.40791
3.00431
7.17791
2.17532
2.91761
5.39039
2.28701
1.40327
1.64402
3.06215
2.64784
1.45687
4.78611
3.38545
-0.181262
5.73839
1.7494
10.0012
3.07696
9.07563
3.45173
4.1904
3.63579
3.93997
1.83807
5.39518
3.34719
2.20935
3.58506
4.24688
3.92168
3.34483
2.05659
2.29221
2.32858
8.81102
3.92405
3.28633
5.27985
10.2804
2.55478
6.04815
1.54379
4.92259
1.91695
4.23707
3.2799
6.56647
2.1862
11.6536
3.55417
5.53569
4.61578
4.23492
11.7071
4.56694
1.72964
4.23799
6.03585
4.26746
6.35141
3.39517
8.10663
1.96811
2.36532
4.73837
4.61083
1.10436
3.37946
1.83038
7.75219
0.915147
5.30297
6.93124
3.44234
0.348057
3.3398
6.31791
-2.97764
5.08195
7.36037
4.27676
4.08974
4.42486
2.29633
7.58773
2.14015
0.276778
6.31371
3.79048
4.48242
1.40744
3.47382
7.55694
6.00296
2.11223
3.5377
4.74979
2.37062
4.71631
6.71095
-2.12262
5.19149
2.07355
3.15622
1.64369
1.20535
7.59049
1.51997
0.258405
2.27835
5.5317
4.81481
5.59238
5.14367
4.35498
4.30942
5.33756
2.99968
5.20715
-3.1217
1.97691
5.38484
4.99071
5.63677
4.21732
4.14147
1.13731
-0.532644
2.70062
2.53076
0.958113
2.53549
2.34616
-1.49344
3.89551
4.07723
8.47955
2.95452
0.548492
3.52655
0.684464
2.6213
2.15176
2.1394
4.59316
3.16932
4.56941
2.21779
5.39933
4.50342
7.30026
2.74333
5.09549
2.32451
2.25121
2.38692
3.18817
2.53351
2.9809
3.03789
5.12732
6.02636
3.17901
3.41285
6.53246
2.39581
2.94127
1.71768
6.42798
2.46656
3.73147
-2.7103
3.74264
1.4234
2.65972
6.29426
0.708613
5.75764
3.1502
4.17499
3.59228
4.14499
4.27561
1.51354
4.90411
0.409648
3.93997
5.34767
4.06404
5.00501
4.60736
0.530908
3.39131
3.56969
2.47357
7.14907
3.43842
4.45556
1.70067
-2.98044
3.82493
5.17719
0.369664
6.12808
3.70804
3.47053
3.54624
2.86741
3.16861
4.32055
2.96318
4.24233
2.01738
2.15481
-4.09607
1.97883
3.47269
2.96254
2.6277
5.23994
3.52086
3.45717
5.29328
5.1982
4.23403
0.318345
6.01494
0.670902
4.45406
5.08507
-0.0716596
3.42044
4.80359
4.00643
3.55508
5.81973
3.00492
5.77598
5.52543
1.87146
3.95147
5.13517
3.98068
1.335
3.01731
3.26185
4.92158
4.45224
3.86793
2.95662
3.76884
2.22582
4.49876
6.29737
3.22691
4.42298
0.86076
-5.70843
5.52921
10.0706
-0.333688
1.58491
-2.71658
2.76789
0.21772
1.92634
4.44073
2.50602
