3.24328
4.67876
4.07455
1.78724
2.24026
3.05326
3.55467
3.86356
2.83414
1.64346
2.96134
2.36728
3.88494
2.82576
4.64589
3.61725
4.28336
3.63934
3.01782
3.48873
2.97708
2.24711
3.07295
4.08776
3.55114
2.49714
2.80654
2.81013
5.32325
2.61962
4.07285
3.086
2.52912
3.53732
3.99057
3.14052
3.23877
2.07725
3.68146
3.35992
0.462389
3.03929
3.51833
3.39158
4.24898
4.45625
2.98578
3.80197
2.88571
3.89927
2.87673
2.50068
2.43934
0.891458
5.19834
3.11292
3.2944
3.70187
1.20732
3.96791
4.21652
3.30264
3.73735
2.90583
3.83677
3.19745
3.89805
3.03655
2.25499
2.37044
3.99461
1.78233
3.25461
3.19253
3.41759
5.01913
2.89671
2.98243
3.77212
3.2244
3.75619
3.87234
3.00242
3.72702
3.36477
2.18083
7.4271
3.96414
4.3362
1.89515
2.91755
4.8099
0.721423
3.54444
5.66189
4.70485
2.74644
5.0719
2.6549
4.50927
3.30031
2.60985
3.86142
2.96471
4.67932
4.35039
3.1242
4.07757
1.98078
3.60573
3.10448
3.08145
2.9421
2.25991
3.08805
3.72342
1.98011
3.8435
3.33262
4.55629
4.55396
-26.0323
3.30845
2.54128
0.476278
3.49554
4.52812
3.43478
2.2932
3.82124
1.27932
3.35249
4.67988
3.90763
3.69765
2.74509
4.49448
2.58984
2.96259
2.81012
5.33672
4.3131
4.3972
4.00127
2.91367
3.1642
3.17322
5.71018
2.60309
4.15473
4.51834
4.22831
4.14859
2.34292
2.7559
4.40763
2.12315
4.35668
3.15414
3.34653
3.33411
3.58524
3.76202
2.8281
3.91626
4.31125
3.86477
2.06873
3.7423
2.6996
3.81866
3.79141
2.98102
3.52867
3.86149
3.01221
5.32482
3.30284
3.54527
2.74523
3.51637
3.58932
3.90024
4.59984
4.81346
3.42354
4.04635
4.16176
3.38079
3.76033
3.69984
4.55575
2.4052
3.52
2.97263
2.33314
2.88549
3.05688
4.00555
4.30913
2.95197
2.63607
2.84206
2.22978
3.78345
2.48722
2.90298
3.3844
3.33108
2.00436
4.99586
4.09213
2.657
3.77985
1.68104
3.65957
3.18832
3.40846
3.87364
1.53453
3.18983
2.64862
3.24011
4.38855
3.15086
2.00769
5.03552
2.20072
2.47654
4.96423
3.43462
3.48904
2.98815
3.87379
2.68101
1.86649
3.82678
2.89079
0.4075
4.95294
2.39806
5.83176
4.2367
4.4269
2.25318
3.06698
1.99531
2.67262
4.01949
3.5964
3.10811
3.3077
3.20777
3.98979
2.16702
2.60033
4.44917
2.20907
2.50049
4.15373
3.27704
4.1958
4.48763
2.78731
3.42792
3.85523
3.32258
2.89312
1.51061
4.29303
1.97153
3.64865
5.00065
4.26874
2.36362
2.86007
2.72879
4.18461
3.30116
3.68748
4.31784
3.79592
2.57566
3.84981
2.7693
3.01493
1.17104
3.03087
2.96778
4.80456
2.07463
3.35016
2.92449
3.77509
4.01954
3.15111
3.55843
3.84895
-0.765904
3.61049
4.54979
4.22669
1.74584
3.71926
2.82026
2.54855
3.93557
1.94494
1.71789
4.38036
3.04844
4.22872
3.42877
3.62758
3.7488
3.73936
3.91168
1.97321
2.29769
4.04635
4.13219
3.11674
3.34867
2.18869
2.07611
2.47187
3.69765
3.9545
3.29474
2.54239
2.41561
3.84809
3.1257
2.77797
2.75978
2.6218
5.76241
2.4867
2.83101
3.3278
3.6929
1.69055
4.70126
4.04893
2.49034
3.44156
3.43108
3.38323
3.03562
4.07961
4.23011
2.25678
3.01574
4.33455
4.02752
3.42374
4.69635
2.64155
3.75624
3.15853
4.20917
2.87003
3.83445
3.17922
3.32274
3.21462
3.07196
2.2283
4.17458
4.60849
3.30822
3.64749
5.2501
4.45041
4.37731
4.35657
4.67872
1.89929
2.29095
3.69624
4.80597
1.95189
3.12776
4.4013
3.24384
3.21987
4.38398
4.57154
3.14362
-0.918508
4.2652
3.86492
2.70898
2.23186
3.40054
3.93138
4.28127
2.47576
0.889173
3.22894
3.61455
2.90229
1.41684
3.34228
1.5447
3.05926
4.20604
2.85506
4.46933
2.86607
4.92505
4.20261
3.50764
3.23559
1.59272
4.32559
2.56339
3.88961
1.62217
4.36244
4.32093
3.89195
2.7186
5.71049
3.08061
4.6935
4.23324
4.42786
3.93411
2.80357
4.46165
2.16261
2.63412
2.03891
3.62631
4.52365
3.96866
2.23857
3.52339
1.58377
4.00819
1.54293
3.95404
5.8475
2.4821
0.393481
3.60657
0.360898
0.55822
3.93226
2.59679
3.11957
3.43618
3.94103
1.79104
3.59573
3.14746
2.51572
3.45939
4.36238
1.74065
2.65471
2.85802
4.77986
5.46609
3.2625
3.29927
3.32771
4.01066
2.74802
4.48676
3.5912
3.21904
3.28222
4.63758
2.49426
1.38109
1.55014
2.1867
4.04139
4.25271
3.59507
2.2239
4.02454
3.57596
-3.83406
4.15299
1.10537
2.05081
2.20514
0.631413
2.53416
4.86833
4.11661
3.37465
4.29908
4.72974
4.13815
4.98159
4.06338
