1.84014
-3.62219
4.99736
9.27843
6.39283
1.16615
6.11445
1.93358
10.4752
10.9282
2.7953
5.50497
3.7973
9.42915
-3.81294
7.57022
8.66533
3.92225
0.40524
5.68824
4.09969
9.64631
12.1841
4.85151
1.28124
-5.42058
6.53626
3.49551
-2.89764
-3.47699
2.18808
4.33195
5.45445
-1.11252
12.3801
6.41845
3.48086
9.65189
-1.2791
9.68001
-2.72677
9.0395
12.3256
5.61767
7.35363
6.18039
4.46937
-2.3041
5.52391
3.23249
-3.87441
6.13384
6.72232
0.712321
7.89526
5.55312
6.80271
7.10258
3.84273
4.649
3.8206
2.75319
-2.46472
5.85884
5.58734
-1.6471
8.12283
-0.895284
2.70209
6.37822
-2.32836
-2.23818
8.48301
7.82424
10.6088
-2.15887
7.26491
5.3396
6.32347
3.6397
-0.442264
0.161135
2.92255
-4.6556
2.7307
2.58252
8.58302
-6.63546
-2.00079
2.39866
11.2002
2.76749
6.47616
-0.431531
3.73253
9.11746
3.97678
-0.0189132
6.44308
0.222696
5.76063
2.39614
4.84608
4.95635
-0.932705
4.33896
11.6776
-7.71691
12.1505
0.820657
1.76961
3.14319
9.18247
1.5126
-1.89706
11.5343
7.43647
5.50655
-8.79886
10.981
-4.51719
3.58008
2.78819
5.80094
-0.787862
8.07203
-6.19785
9.08484
1.4764
0.796263
4.60731
10.5954
9.84202
7.05084
7.04093
1.80968
8.7212
11.0433
11.2715
1.58354
7.98836
6.74432
-2.49963
11.1217
11.407
9.07718
1.11006
10.1004
3.27581
-0.966678
7.37771
3.35919
4.53272
8.76414
11.6036
8.53212
8.65299
8.18236
2.69686
1.23177
4.84736
2.93895
13.4042
1.98504
7.02183
4.94217
5.7909
12.1639
0.299054
5.30052
12.1422
1.62092
-0.966048
5.39353
2.35667
10.497
5.58608
8.90404
-7.52999
12.6676
5.93072
7.75895
-5.05758
8.10682
-7.74423
-0.317163
-0.0113263
6.93453
0.564724
3.88644
11.2047
-0.195313
-2.14918
8.41812
3.78791
5.49339
3.24176
0.527044
6.04208
13.2797
0.889664
6.45091
0.958413
10.4163
11.544
-0.790706
8.00378
5.44825
1.64312
5.63068
2.14013
1.86334
-1.76421
5.44538
8.4753
-2.98379
7.26524
4.88751
-11.7748
3.6511
-1.38182
5.08782
14.2536
5.02399
7.21589
7.39198
-0.563586
8.99265
8.53243
6.41976
5.08782
2.65075
9.73125
-2.30125
6.01109
4.71302
-18.6279
1.20618
12.0941
0.775257
4.08905
2.78358
9.52937
8.8126
10.3753
7.36654
3.8244
1.7644
8.24199
-1.149
4.60063
2.88898
-0.220045
4.82442
-3.60279
4.50982
1.70992
5.66866
2.07255
-8.14043
5.94049
9.08617
-3.71529
6.99235
4.47891
3.11146
1.14742
3.77189
-11.4423
7.79363
5.31377
-1.68004
3.91459
-11.3301
9.12964
9.50154
10.8113
1.44964
4.46399
6.19123
2.6065
3.51496
3.64707
12.0281
6.87596
2.52461
1.26119
-1.56478
5.6388
6.87607
1.40697
-0.290155
5.32819
1.94648
4.35676
-3.76171
0.502103
3.04877
10.4297
-5.08079
6.80605
7.13332
11.8874
8.00281
5.89615
7.66566
-3.21749
9.32902
6.34192
10.4558
-1.15025
11.1691
5.1627
-2.4784
1.7134
6.8954
10.5716
1.21904
6.75159
6.52026
-0.40661
-2.2856
1.26348
8.16368
5.41609
8.59421
5.5999
10.0246
1.61917
-4.7396
10.7546
-0.6026
5.14156
-3.73522
5.49862
9.83656
3.58141
-1.37315
5.44091
4.77426
11.5486
3.24141
7.69896
6.20955
2.63961
3.03057
5.92619
6.11249
-1.17245
8.45329
1.59377
6.78878
3.58645
8.0882
8.53715
5.97224
4.52431
-4.26599
5.35267
5.39034
11.2368
9.1967
1.90034
8.67139
-1.24575
1.82427
-0.129676
4.6142
3.38614
3.55543
3.18255
9.25555
9.16841
9.5566
14.856
12.4412
4.96908
6.95163
2.47384
9.68001
4.06784
4.22307
0.647731
4.29138
5.23415
5.22276
9.42556
10.3454
8.67434
0.991406
9.4739
1.88616
7.86645
6.19778
7.44863
3.41022
7.80497
6.22221
5.90338
-2.33992
-3.99812
5.58177
5.2729
-2.0908
3.3474
5.57617
6.32982
6.32281
1.66003
7.0765
12.7874
7.28203
5.9462
7.1961
8.15362
1.45959
2.39248
3.86007
20.7138
9.41237
0.763568
-1.89086
-1.11174
-1.76855
2.92461
9.06212
4.08209
0.0443987
6.3619
6.38103
0.891043
5.42788
1.05024
-34.9517
2.07348
2.31355
-5.26846
9.38712
0.0137356
-7.34668
0.0583561
-6.74003
6.92287
-2.51024
0.971963
4.87311
-2.60696
7.08707
3.6721
4.3243
-0.204348
1.01604
3.16255
-8.89098
6.48795
6.53191
10.8942
-3.22741
-0.475654
-4.23789
-3.38009
-3.93924
5.9702
8.25815
-3.40269
5.76041
1.15611
-0.693964
10.8088
1.91435
1.47943
-1.84747
-0.64869
4.31629
-4.95805
7.81324
7.80017
-7.4572
8.75187
6.92716
2.49531
6.11838
9.12893
6.15239
-1.82704
-1.34079
4.2165
6.2957
6.84209
7.32429
2.50607
0.0121592
-6.58738
3.25166
4.55348
4.73701
9.63877
1.6237
1.93337
6.18776
