2.9999
2.77835
2.82062
2.5581
3.20247
2.27615
2.50387
2.38944
5.44325
1.52523
2.84949
2.98992
2.44211
2.46518
3.44101
2.61392
3.1763
3.15557
6.48123
3.16987
2.76566
2.75726
3.81604
2.77633
1.86114
2.82345
3.46841
1.20883
2.59707
3.27799
2.59006
3.71862
1.79754
2.96712
1.30665
2.59532
2.5282
3.89922
5.04389
1.23905
3.25112
3.4246
4.62926
2.14128
4.94231
2.0802
2.99722
2.439
2.96587
2.5779
1.84054
6.3186
5.47784
5.33984
2.86165
2.06974
3.17632
5.47827
3.46668
2.70374
3.21396
3.49493
2.49925
3.05849
3.19478
2.51393
2.70472
2.25273
2.87786
2.52018
3.23176
3.09526
3.21664
8.46647
2.49757
2.52796
2.45464
4.06761
4.74324
4.96406
4.34209
4.26929
5.11995
2.83471
5.73706
4.5203
4.5408
2.34393
3.86963
3.02043
1.95257
1.85785
3.35264
4.11838
2.81852
2.19065
3.27945
4.31475
2.95283
2.75659
3.53817
-2.41723
3.37039
2.22473
4.15715
2.57163
3.13043
1.44743
4.46488
3.00211
1.18827
2.24122
6.15371
2.92551
2.73077
3.298
2.97659
3.44067
2.78003
2.59773
2.56494
3.5406
2.59215
2.20779
2.542
2.86198
4.97907
2.45726
0.989839
1.60108
1.825
2.5021
3.05355
2.7718
3.05053
3.10915
3.96636
5.7753
4.27831
2.34117
1.75672
3.24817
2.72303
2.98493
2.79873
0.892388
4.40672
2.50588
2.81542
3.05507
3.43983
2.81012
3.12416
2.7496
3.22056
3.63564
3.02064
2.06272
3.49871
1.41642
2.51655
4.73154
2.89784
2.9571
1.79132
4.60419
4.15681
3.09669
3.59755
2.32069
3.80841
3.36072
2.9571
2.2648
2.28849
-1.0499
3.32506
2.47968
2.1581
1.67067
2.32045
7.0842
3.21734
2.60437
2.01967
3.37584
2.59971
2.51664
1.11086
4.86477
2.34503
3.43014
3.69552
3.117
2.51684
2.61319
2.32976
1.91391
2.9208
3.17974
2.58039
1.94052
2.82959
2.52898
3.63365
2.88249
4.46043
4.02439
2.79025
2.86491
2.18369
5.06964
3.51529
1.0968
2.39108
2.95438
3.74238
3.53277
2.73783
3.166
2.62631
2.69097
3.25991
1.7317
5.41126
3.16723
2.36999
2.80002
2.23748
5.45787
1.40434
3.23113
4.09452
3.17936
3.00152
2.44411
1.63219
3.50266
1.79414
1.88445
2.28618
2.3799
4.76565
3.1057
2.80079
3.25146
3.30534
2.9526
3.02908
2.83694
3.21444
11.5027
1.28854
4.97506
3.7086
3.51406
5.08498
2.08765
3.94182
2.83858
2.9723
1.55092
1.81331
3.16003
3.94538
3.49726
3.44411
1.97392
3.32295
2.88131
3.23975
1.69649
2.83305
2.23415
2.0136
3.36173
2.76573
2.85358
3.83712
3.1916
2.98389
4.24998
2.26711
5.10019
3.01197
2.79596
2.25079
2.3707
2.62838
2.2903
2.52846
5.0133
3.17285
2.58609
6.41266
3.88571
3.84683
3.45364
3.46299
2.31708
3.15756
2.37404
4.32672
2.78862
2.86929
3.21263
3.16327
0.716353
2.16514
3.19152
4.66355
5.13219
3.05986
3.83473
2.52729
0.573168
1.37645
2.19065
4.91168
6.47044
4.05411
4.3428
3.35317
4.08533
3.36679
1.37419
3.8077
3.41355
0.400079
3.02655
2.71301
2.66147
1.86254
3.92247
2.94984
2.42681
3.51929
3.10889
3.10567
4.00694
2.68678
4.17755
3.36266
3.58554
2.71853
3.39752
2.69993
2.15773
3.24764
3.29775
3.98923
2.17551
2.79728
3.45279
3.39092
2.43294
2.55811
4.83242
4.3972
2.8105
9.34359
3.57971
1.16249
2.80272
4.32786
2.50955
2.62771
3.0142
3.91384
3.16335
2.08209
2.40532
3.0495
2.95203
2.93226
4.51464
2.51817
3.14484
1.8199
6.15918
3.73931
6.32973
3.33303
2.11426
3.10705
1.49713
2.79818
6.48885
4.73768
4.04572
8.387
5.80998
2.36294
2.49253
2.57939
2.40169
1.67072
2.83954
3.26753
2.53849
2.22057
2.77173
2.84139
4.43637
3.5745
2.08147
2.54133
2.08639
4.15251
7.74241
2.7373
3.42174
1.34867
2.32951
2.88761
3.12715
2.73961
3.03812
3.10045
3.4411
4.93414
3.43459
5.04091
1.91213
-2.09584
2.6156
1.97538
3.34686
3.92254
3.2339
4.19206
3.00166
2.49272
1.54621
2.80437
4.89407
3.40979
0.622942
4.25613
3.82869
2.08614
3.15063
0.918528
3.28475
5.24515
2.37013
5.10056
4.29457
4.50849
4.00915
2.43162
2.19571
2.50407
3.61991
2.65258
0.43344
4.19056
3.28064
2.33275
3.2264
4.05509
2.79251
2.94106
3.40909
1.43877
2.35407
3.18226
3.26756
3.58233
3.32869
2.99852
3.47677
4.46861
2.88686
5.80075
1.88197
2.01303
4.03856
3.22995
1.18559
3.3765
3.74316
3.65731
2.71301
2.97064
2.46415
3.13054
2.9723
2.96531
2.40946
3.74188
3.53851
3.31969
2.79742
4.99847
2.02302
4.70065
3.23871
3.21353
0.828902
