3.88222
4.04702
3.46329
1.23742
5.11722
2.9824
2.55205
3.6702
2.30491
3.96169
1.22814
4.76765
3.70659
1.59684
4.40426
3.324
2.0458
10.6534
3.21333
2.298
4.22766
5.34001
1.50416
2.76254
3.65592
3.3107
4.66156
7.98073
1.77906
1.7219
4.15498
3.16314
4.46397
3.77836
5.39006
5.19974
4.33556
4.02281
3.44923
7.01456
3.20011
2.20688
0.372236
3.88311
3.84083
3.34674
2.8764
0.490577
2.70273
2.48317
4.13355
2.79449
4.6105
2.59642
4.00237
4.60115
3.04317
-0.934688
4.09053
5.00155
4.91263
3.2383
3.45469
5.01199
0.744659
2.48048
2.07813
4.50986
4.09388
4.07645
3.61087
0.803132
3.84267
2.72916
3.85985
3.29748
2.82481
1.85116
3.13905
0.617064
3.57709
-0.429244
0.297064
3.87595
1.57048
2.72833
4.02219
2.25158
3.66141
2.03738
3.19119
1.45407
-0.166388
-1.10058
3.0871
3.57301
3.96127
4.98812
4.08476
5.36485
2.2778
3.9127
2.06408
3.79067
2.50491
2.43881
3.55042
3.38028
3.02543
3.74648
1.9951
3.07915
4.31857
3.85721
1.57454
3.38715
4.12889
2.96191
2.15666
2.62308
2.4416
3.21476
3.76701
3.10026
1.79821
5.36135
4.02549
2.95269
3.04477
5.06175
2.79731
3.31919
1.91946
3.8823
0.0575197
5.51808
1.99559
2.75066
2.32682
1.73136
3.51354
3.59511
1.78666
4.12408
3.15917
0.818972
2.46741
2.14773
3.2677
0.329841
2.3344
2.73028
4.2144
3.62494
4.36193
2.41754
2.53834
3.39541
1.62664
2.12942
5.00471
5.12362
0.40635
-0.874528
1.15906
0.916503
3.18235
3.65619
4.64399
2.39792
3.73289
3.36287
1.29129
4.46873
3.25778
3.23619
4.04245
5.25513
1.97412
1.25029
1.72044
1.94465
3.26103
4.94062
1.76273
1.96349
1.95466
3.41017
3.07918
-7.296
4.3985
2.99839
5.32579
2.57538
0.630434
2.79586
2.14529
1.78244
3.78276
2.69209
3.2878
4.57751
5.57108
2.42253
3.92109
3.57969
3.44282
6.1403
4.42605
3.12276
-3.14206
2.94283
5.17497
2.38562
2.55458
1.58817
4.14802
3.91175
4.71928
3.893
3.8971
4.9265
-0.774383
2.2431
3.93697
4.55233
3.91822
4.02995
4.46883
2.63309
4.03824
3.89464
4.942
5.34824
1.35026
5.29369
3.0637
1.25118
2.39132
3.7718
5.57884
3.0181
3.79239
4.42284
3.41996
3.68972
3.96409
4.04167
4.20153
1.99445
3.49874
3.87089
3.35507
4.01491
3.34225
3.26312
3.99051
2.54207
3.66347
1.44076
2.64947
3.49641
3.44284
3.14898
3.55012
8.11659
0.238655
4.80993
3.95991
3.97228
2.16118
2.7086
1.63413
4.82523
4.11065
3.31139
3.70831
1.99826
4.1867
2.38911
1.9147
4.0383
4.41107
-0.295738
3.64367
3.28471
4.46131
4.59614
3.65303
3.63137
5.3647
-0.507119
5.17381
3.63864
3.85024
3.16218
3.16105
5.40048
4.30763
3.26631
3.15522
0.554775
1.96902
3.92296
0.0601896
3.5936
3.98386
5.36559
3.37908
4.78446
3.17341
3.92287
2.59708
3.13662
3.81481
1.7769
-0.73912
2.3474
4.05436
4.278
1.40601
4.07374
2.60961
4.1377
3.75509
4.09553
-1.33085
3.25727
3.61324
3.57427
2.55503
3.4201
2.44146
1.91602
0.59994
1.56356
5.11518
2.46173
1.84947
2.92633
2.51759
2.3155
-2.28826
0.338213
2.47794
3.25293
4.35543
4.6563
2.22005
1.82427
3.30893
3.85624
2.18153
4.48556
3.01796
2.4855
3.21265
5.2267
6.56388
2.53617
4.44418
2.55754
3.72003
7.05562
13.6823
3.62959
2.97992
4.54541
3.37361
1.96877
3.86671
3.23205
2.28962
2.99443
3.17476
2.31792
2.37825
4.19264
3.94147
3.22775
5.51014
-2.85572
5.18057
2.76119
5.63817
3.20061
3.83135
2.81896
1.83246
1.63435
1.98633
2.80962
2.75561
0.981178
3.17897
3.28642
3.31651
4.33447
3.18458
2.67385
4.25399
1.99215
5.07648
0.411161
4.04
1.94325
3.34875
2.27135
2.78389
4.18762
3.30049
5.3887
3.99636
3.62866
4.37101
-0.94388
4.05346
4.23152
4.98204
4.00568
2.13419
2.85974
2.03328
4.75415
1.24939
7.46037
2.95291
2.35564
4.40131
4.39802
1.94532
3.77406
3.22548
1.66074
2.46964
2.53005
2.76302
2.39619
2.60893
6.39693
3.96089
4.30096
3.00268
3.33361
4.40148
0.136654
3.12475
3.51024
4.34752
2.25209
3.66183
2.66332
2.3364
4.27887
0.639143
1.64426
4.89133
3.14168
2.04847
3.46852
1.21862
4.05081
1.0902
-0.451068
3.72172
4.73688
3.74315
2.73078
3.17479
3.44961
1.47373
-0.422241
4.49575
2.21462
4.27769
6.51795
2.2177
2.24831
2.6721
3.70342
3.81924
4.02284
5.4262
5.45504
2.37364
2.67963
3.3428
2.59915
3.45645
3.83083
1.50177
4.80997
3.0301
0.963623
3.96278
2.18939
3.07787
2.53564
2.73015
3.67581
