6.71045
7.36182
-15.0742
14.235
1.33074
6.72865
5.88499
7.0041
7.81643
-0.136753
4.6243
8.35811
4.00393
5.26983
12.0033
17.1456
9.06596
16.2344
11.389
-0.109493
3.23548
11.0454
9.47251
5.90529
2.01396
3.02879
-1.46123
8.39395
2.77324
6.04132
9.49043
8.5156
16.7944
7.35075
7.0041
8.12145
5.16182
4.71529
2.24059
16.0845
18.5282
6.73354
5.04579
6.52898
12.1386
7.20433
9.37463
5.26624
9.77175
6.86508
15.9057
5.22496
-3.76359
10.4996
13.9805
3.81378
1.95302
5.80678
0.316588
5.62917
14.2667
4.53266
5.72856
0.111858
8.53976
8.8402
13.1397
8.76228
14.3589
11.3022
8.92242
6.69422
5.59252
5.01259
8.69063
8.47975
10.0364
-1.36795
12.6563
3.44831
10.5742
18.9554
7.50394
7.23925
10.5394
6.03413
8.55846
5.69191
-1.57721
10.6883
-2.97558
1.93641
3.19671
3.93821
5.32116
7.38768
5.07518
16.2021
6.25463
4.38074
11.3664
2.51781
0.311893
10.2218
4.4989
7.78277
0.322364
8.51061
6.54335
4.20229
3.09245
3.43383
8.28382
6.49266
5.31431
10.591
6.79981
5.83945
-1.30786
1.03142
0.13119
13.5005
8.2162
3.3485
8.65375
6.95161
2.5687
4.68971
-2.97558
0.489947
3.2201
8.53766
3.63522
8.13615
9.19835
7.10512
7.44266
10.2448
3.1247
11.0944
6.37355
10.7085
4.69166
6.2542
17.7407
4.57752
1.77775
1.01007
5.9845
1.10796
5.17976
3.06813
7.71913
1.79425
6.73127
6.67546
12.0874
3.07102
24.4203
10.9379
9.22841
5.4789
4.01095
7.04834
7.11738
4.69714
3.02252
3.62766
0.904046
7.67359
1.39513
7.36515
20.2956
4.98139
9.15328
4.95918
10.324
7.53732
9.09847
8.80146
6.60702
6.99641
3.63235
11.6837
5.83215
6.68432
5.61014
3.88494
3.61534
1.80063
5.51959
2.06328
1.84634
8.87604
-23.565
-0.31466
3.61521
5.80413
8.79291
7.4169
15.4927
-1.44593
11.3456
3.63553
7.07399
4.85349
11.2528
9.26858
0.666546
0.180667
-3.47173
4.83109
8.39326
6.23484
13.0951
4.89611
7.84924
9.94333
2.66365
-3.75757
3.33595
9.51261
9.62955
5.52495
16.8144
11.1389
13.9085
3.26708
7.44775
0.0149869
6.54811
6.10172
7.02971
15.0056
7.2328
3.9311
6.01077
10.0271
10.6768
2.3655
10.708
13.4219
8.0531
9.96528
1.01892
2.63974
6.44
10.5925
10.6582
9.55975
10.537
5.13296
10.5195
6.73615
8.91665
5.10023
3.42019
5.58001
15.135
4.86285
5.71545
6.14735
10.0133
17.0755
4.34426
5.1882
6.1318
9.94333
10.3269
11.7307
2.79275
6.45168
5.73994
16.033
8.80983
4.08585
6.98067
13.4153
8.69532
6.42577
7.68132
8.9832
7.00245
6.1368
16.9499
6.60584
9.04334
10.354
8.7723
4.01635
8.10599
8.72489
11.2741
7.88859
3.75308
12.7014
6.50064
-3.65456
13.11
5.00134
12.7749
8.53961
13.4332
13.9465
5.17847
12.2931
6.08074
9.85176
1.73419
2.87568
13.3548
7.16784
6.25758
4.71464
0.817503
3.26048
-1.12115
10.4394
3.37649
5.51743
6.80644
14.5086
5.82709
7.69257
2.73102
2.67018
3.55447
14.8659
5.7901
6.56525
8.58615
0.865845
5.43874
13.4418
1.05312
12.875
10.4118
7.84754
-2.52742
10.1571
5.96112
2.91603
-3.2449
5.13196
-0.1345
10.3075
10.4702
11.8115
0.479011
18.3522
1.27283
11.8202
-1.84022
6.18371
5.1982
11.2929
4.69547
13.3738
2.67123
-2.09748
2.05703
6.7257
7.12557
2.87772
9.87932
4.9058
10.152
4.19157
4.38911
6.72843
3.29205
4.54114
12.0922
2.32422
4.80192
9.07865
10.7638
9.85051
10.3468
-2.86774
11.4251
13.0205
4.31168
10.2311
3.03339
6.1289
5.09052
10.7721
-0.0773036
5.70538
17.7673
11.4834
9.47251
6.69148
-18.105
2.31005
6.1376
7.56859
4.18212
9.35411
6.02198
-3.82079
1.65926
0.170471
10.0343
0.059768
3.61375
10.9212
5.48657
8.68465
9.03887
4.76064
14.1687
18.5267
12.037
4.57679
7.73454
0.825448
6.45232
24.5236
10.5424
4.92333
4.90329
2.40503
3.64044
8.97809
1.2242
5.6973
5.81278
7.50661
8.97736
16.8018
5.99003
7.27272
14.1228
1.31036
1.35882
-9.56307
4.90178
13.6285
7.53885
10.6907
10.3352
6.03365
4.07801
5.3928
9.60337
4.14098
17.2699
-0.544289
15.3565
0.850722
13.1945
7.68327
10.023
-0.577511
2.58991
12.3947
4.84611
-1.52611
8.37811
0.525994
1.82632
6.92304
6.42505
16.8996
6.66657
6.72744
8.23502
2.42441
0.616122
10.1925
-0.150619
9.04825
11.5811
4.51307
11.9385
13.2355
-11.0461
15.1534
5.06447
2.45163
12.2567
9.06386
8.52386
13.492
6.34253
19.2297
5.54469
-0.394186
11.2929
5.47953
7.59806
-2.19398
5.63775
14.8992
5.05011
11.5811
1.46044
0.451583
