0.888251
1.79665
3.80244
0.904574
3.48717
-0.17389
0.605772
1.6921
0.803481
9.80151
3.23594
3.85235
2.263
4.13804
2.15323
-0.750199
2.10206
2.79479
2.8004
2.21308
1.57236
3.12855
3.08952
4.18039
1.73982
0.762405
4.22823
2.18241
3.05543
-4.37301
1.49404
2.99811
2.53586
3.10407
2.91517
3.65099
3.56967
3.44604
4.86796
1.6847
3.25212
4.69016
0.564143
-0.00786642
4.9728
2.20254
1.70964
2.89174
4.28972
2.29817
2.89362
3.48931
1.85174
2.14223
2.55536
3.29312
2.41535
0.605662
1.36668
2.46669
0.405908
4.01315
2.34732
3.13496
4.28481
3.73463
4.5449
1.2378
3.73758
1.88407
3.42975
-0.962523
3.78759
1.19071
2.68048
2.98937
-0.416044
1.37945
3.22886
0.577346
10.5918
3.42109
3.53646
3.47489
3.25527
3.57145
4.04545
1.06806
2.43074
1.88281
1.74291
4.03396
0.681238
3.7419
3.74148
3.93474
2.6559
1.75017
3.22301
4.22401
2.8667
3.35965
1.69815
1.67221
2.61602
2.02731
3.4805
3.896
2.13952
2.71345
1.06905
2.35793
1.82938
2.45066
4.69016
3.53572
0.101791
3.75995
4.77181
3.97616
3.53321
3.99964
1.54743
1.13654
3.7624
0.634902
3.14735
4.81597
3.9164
2.34341
4.17094
3.46753
3.21762
4.05953
1.29886
2.02128
2.23513
3.47195
1.3805
4.39635
2.67148
4.27748
3.56133
2.64287
1.77555
4.67212
1.90193
2.49085
4.7697
3.91847
5.79433
3.01224
2.42914
2.81987
4.70929
1.9529
4.02812
1.66628
0.701679
5.43617
5.01949
4.14475
4.94572
0.253247
1.81435
0.210864
2.90876
3.3303
1.5845
3.83343
2.7359
3.13176
2.12683
1.56002
0.752449
1.98645
2.08508
2.40022
2.55493
4.37824
3.27843
3.79609
2.68241
2.93981
3.39712
2.93221
3.52174
1.84977
4.32441
0.997027
0.12463
3.48428
3.05959
2.51954
1.81031
2.77244
2.60877
3.07758
2.89072
3.89484
2.29327
1.89418
1.34636
-0.367444
3.43637
3.31134
2.399
2.32219
3.78246
1.55001
1.41458
0.409394
3.56851
3.3855
4.43211
5.17089
-1.77023
2.26901
0.741459
4.753
4.20212
2.25514
5.02532
4.51446
1.5062
2.82033
4.08405
3.74065
2.60997
0.877865
2.58329
3.30029
0.0544587
1.22858
4.1256
3.98502
3.46944
3.03992
3.14546
5.90432
3.51864
3.95035
4.51005
3.96357
3.43493
4.15022
1.80446
1.79752
3.16777
2.27564
2.51474
4.11907
3.22693
3.03169
4.98447
4.48495
4.84924
2.54538
3.86121
3.05407
4.05441
0.153302
2.87466
3.15012
2.88854
2.93645
2.27854
2.68075
1.77891
0.870422
2.69317
4.87319
2.79364
3.62172
2.74473
3.80315
4.04405
3.1441
2.02233
3.45479
4.41817
2.17111
3.3295
2.85839
2.68509
1.332
2.50152
0.50896
4.63879
2.32861
3.76011
1.64798
3.98825
1.16912
2.71318
4.35893
4.39079
3.9542
2.98332
3.54486
3.64255
3.82712
3.99544
1.58472
2.45232
3.05931
1.80014
2.46965
3.2153
3.13269
2.6659
4.05322
2.94119
2.18917
3.44294
2.02921
1.09396
3.94251
2.44349
3.67647
1.65837
4.39196
3.13104
3.585
1.77617
2.47489
2.79836
3.51833
3.57967
4.2843
2.66699
3.77788
2.16601
4.14538
1.74183
2.75192
2.68251
-0.310953
3.18164
3.38804
2.99851
3.38475
5.68474
2.27266
2.22559
4.09888
2.50639
4.41797
3.36776
8.09389
3.30599
3.04849
1.638
6.44512
3.54815
4.78804
2.88907
2.93998
4.2641
0.499639
2.81136
3.5972
4.06913
3.37344
3.01962
4.80006
4.51921
3.51352
2.561
4.54455
5.10992
-0.908951
0.617619
3.28948
3.50836
1.53011
4.2222
2.53774
2.86385
1.76227
3.6892
4.8702
3.8415
3.03788
5.35864
1.24267
3.97021
5.1422
4.04149
3.66837
2.94175
5.22371
3.20059
2.32204
3.025
3.28782
0.623045
-0.380041
3.37972
0.875214
1.05556
2.82619
3.6803
3.68292
0.97391
3.1983
3.04752
2.06341
2.93689
1.96214
2.48821
1.7952
4.40241
1.36834
2.37011
2.64339
2.69284
3.28795
3.86635
3.28949
3.85303
4.5855
3.53625
3.81096
2.66008
2.86847
2.33425
2.98619
3.68395
2.54928
4.07381
2.11226
1.20539
2.34679
2.18437
2.52151
3.21691
2.2868
3.13036
1.32218
2.07869
2.55466
4.89232
5.42038
3.89065
3.21603
3.07099
1.76116
1.45796
4.29596
4.24308
4.58274
2.69266
2.90663
2.46883
2.10464
3.27603
3.29304
2.65661
3.23151
3.61605
0.761573
2.79203
2.67515
4.24988
4.04904
4.00159
0.163917
1.9529
3.90127
3.84295
-0.306716
2.87451
1.44671
0.109919
1.11798
2.1033
4.63379
2.94692
1.43607
2.25452
4.00337
3.42116
3.03201
4.0514
2.24335
2.23898
4.73826
3.7335
3.97246
2.82387
3.24082
2.26039
1.43881
2.57199
9.52693
3.9962
1.83201
3.20812
2.48172
