0.891766
3.60999
1.2094
6.71925
4.96923
-1.81306
5.02106
1.86957
3.04176
6.8185
-0.373139
0.496696
1.42205
1.62664
-3.42291
6.1353
3.43844
3.22177
4.39924
2.26277
0.610119
1.39554
0.791252
2.5498
0.93751
2.46158
5.19029
3.11255
8.25564
1.22228
-4.32717
3.00307
6.71973
2.91849
-3.24907
2.61332
-1.27057
-1.41132
-0.718153
3.29926
5.10904
3.00686
2.87398
-0.413653
1.85842
1.31028
-4.53758
3.35596
4.40362
2.10405
3.36944
1.93691
3.67299
7.99177
3.06621
3.49333
-18.7997
6.25943
2.95551
2.48991
2.9677
1.81895
1.56819
1.21226
-0.103816
4.2688
1.79179
1.57681
0.248128
6.33061
0.201273
6.69665
5.96954
3.5389
1.15003
3.07067
5.75706
6.14927
3.78449
5.24365
3.02304
7.95277
-1.84848
1.89508
5.68848
-1.06145
7.80789
9.45356
2.64311
5.33441
0.538248
1.40618
-3.7227
0.744899
2.84563
2.83624
8.8368
2.93516
0.238105
3.90846
1.2971
5.75863
1.60073
5.47976
1.39338
0.250952
-1.34617
3.0027
3.83862
4.70927
2.15425
0.790617
2.82983
4.92072
2.8013
-3.61503
4.267
5.35792
3.80528
4.57414
-6.90986
4.68213
1.54192
2.9492
3.77489
3.79636
-2.61585
4.30933
-3.43666
6.32719
1.14037
-0.81708
0.527732
3.02011
2.97248
6.07227
2.23293
2.71918
-1.10959
-4.49559
3.8193
-0.51353
7.7816
4.05154
6.09281
-1.32871
-0.941392
2.94512
-10.5779
8.26975
0.22813
2.73969
5.87495
2.72805
0.200952
6.80496
10.8137
10.5628
3.59347
3.97402
3.38908
-0.292132
1.70485
6.19839
4.3873
-1.89467
5.95163
3.0016
-0.64662
3.8201
5.0198
3.14727
2.15047
7.88766
6.02921
7.22308
6.96167
6.76097
4.05026
4.85126
-0.135688
10.5726
1.21537
1.29339
5.09539
7.32504
2.39692
2.62378
4.30723
7.53652
3.29821
1.42973
6.18654
2.0945
0.469269
1.8105
3.06323
-1.7222
3.99674
3.84562
2.27283
6.04475
0.930586
-1.04715
-3.97941
5.28148
3.33432
1.30238
-2.58349
6.37512
0.109185
3.58505
4.15376
3.11375
1.99253
-1.3659
5.20992
6.20224
1.4339
1.35442
5.41483
1.61867
4.4682
6.32615
4.62163
4.5923
11.8226
3.16529
4.226
7.27565
5.38722
1.25093
-0.559626
-0.708544
6.31016
8.79605
3.33051
2.21157
3.24232
3.63582
1.87117
5.59276
5.30161
5.91797
2.97364
1.12723
4.41418
2.18864
5.0924
3.25242
-0.147418
-0.30115
2.33509
10.6616
-1.90548
-7.22916
6.20761
6.67818
6.67784
5.04372
1.94815
8.89496
2.54452
8.44354
4.03811
1.05439
9.05708
6.44903
3.62852
2.73829
-1.44539
-1.70367
3.62848
9.07481
5.18738
2.49277
-1.87313
5.68485
4.3842
3.22516
3.91464
7.43882
2.80343
3.57088
3.66764
5.37752
4.74696
2.21169
8.28792
4.56365
2.55166
4.47066
-2.4845
3.15529
2.98268
3.95638
0.77162
1.47852
-0.620079
1.7525
4.92411
6.03245
2.71873
-2.40785
1.21926
-2.16306
0.792393
5.79789
4.21422
5.77836
0.654522
6.59215
3.21338
4.55185
-0.529407
4.20016
7.70124
-0.353226
-3.92963
0.933436
0.946054
-1.09588
3.95189
2.96239
7.63358
7.34277
2.33813
4.59068
1.46886
-0.769997
7.68521
6.15358
6.28583
4.35196
2.29089
4.52722
-0.38131
-0.12389
-0.519291
4.76838
2.81734
4.01222
1.27638
3.79266
-13.2691
-2.15243
-10.9475
8.53079
3.144
-1.5805
2.67358
4.02133
-4.28642
2.22553
6.26477
7.589
-1.87313
3.56541
1.38897
2.25387
3.40486
5.37487
-2.40878
-1.03206
6.13529
-1.14367
-13.3604
-2.11998
4.68609
9.43213
5.37239
5.33697
-0.857449
2.71513
5.25978
0.968577
4.86712
6.31752
4.78325
6.05586
0.384077
9.25321
1.9508
2.0775
2.42405
6.98713
2.36948
4.7786
2.88926
3.20939
3.99686
4.64671
5.62411
0.0616213
1.20231
-0.281684
5.53365
-1.66959
5.54697
4.54595
2.2347
0.784253
1.7711
9.61195
1.81752
1.29977
4.41839
2.05113
-0.770906
3.56198
5.86991
7.2041
5.88337
4.36525
-0.105812
2.44176
2.35787
3.97897
7.68866
3.68955
2.89613
4.07825
1.54503
5.55978
3.04558
2.66772
3.7024
5.51724
2.23846
2.04313
1.92931
1.33474
3.59423
2.94057
7.08585
10.2085
-0.442103
1.25206
2.81496
2.25225
4.22221
6.37633
2.42979
-5.0885
-0.121937
2.75876
6.54342
5.81156
6.32907
3.32247
1.41734
9.00322
4.08855
6.52388
-1.09885
-1.06612
7.38608
2.71361
3.91647
6.09496
3.94001
4.37877
-0.720411
2.65609
8.81566
-1.15981
-0.926114
1.05338
0.223336
7.82114
2.59533
-1.79729
1.9713
2.12147
5.2989
4.02958
4.75639
3.93042
1.21498
0.339565
4.96681
-3.9417
3.81353
6.45743
-0.329691
-2.09368
11.9605
2.72945
3.85582
3.50205
6.2903
6.55265
-5.0482
4.1685
1.35324
0.570522
2.0299
7.6585
6.73975
2.25542
