4.03682
3.49079
5.08636
3.29665
-0.105475
3.92301
4.66144
7.02674
5.61255
0.00162168
2.40503
2.12775
6.39397
4.95629
3.03349
4.4173
3.56978
2.89325
3.63389
2.65391
3.47746
6.1142
-3.43425
4.82799
3.22146
7.1614
3.78816
-2.7305
-2.09974
6.20894
-0.302719
4.29178
1.6467
5.49306
0.813226
2.3924
1.37022
5.09375
3.37596
0.696969
3.00743
2.8693
2.52758
4.24288
8.47801
8.40049
3.09261
4.97077
2.57483
6.80965
3.69234
3.51552
6.2513
5.20873
4.19817
5.22085
3.30306
3.57453
3.8066
1.74366
2.44778
3.57704
0.208063
1.60507
-2.34212
3.71552
2.64256
3.87138
4.77815
4.12878
4.6707
3.90112
-4.45504
4.69537
-2.79629
3.66895
0.126831
2.73723
-0.972663
2.06942
4.4077
4.77265
5.38238
3.18591
4.78289
2.1937
2.019
-0.114431
3.56378
1.82168
3.48447
1.71289
5.43615
-1.78665
3.94256
6.35639
0.79868
0.396258
0.835057
1.20281
3.71206
4.48164
1.49659
3.20818
4.98772
5.0865
4.10005
3.69979
6.66912
2.36374
3.79921
5.58448
4.9054
4.45474
2.02631
-1.07097
6.32403
-2.47096
5.88275
5.13496
3.87175
5.53928
0.523294
-2.17849
2.90151
2.29026
1.36926
-6.2658
2.30025
4.12854
2.38947
2.97881
4.70511
2.34943
3.11001
6.65144
4.59192
-0.214312
3.96911
4.03385
4.65495
-0.535923
1.04868
3.94122
0.692818
-1.69383
4.0449
4.20196
2.53948
2.77079
4.21589
-3.82913
0.987463
3.59992
3.06684
5.82117
1.62352
4.00079
1.73347
3.36843
0.673341
6.04061
3.84678
5.83806
4.11505
-1.20195
-0.151254
6.42621
6.52986
3.21132
2.35525
4.35935
4.69921
4.69345
3.73469
2.47636
9.09456
2.35432
4.05272
2.14962
3.46166
2.19852
3.67155
4.63321
2.73244
1.08358
2.65592
6.29394
1.9915
4.52708
1.06785
4.19055
3.60867
2.14374
2.18621
0.630865
4.88518
1.0753
0.209558
6.34261
-7.30366
-2.08516
1.86876
3.48392
4.68803
3.02906
3.88351
5.73479
0.242565
4.1034
4.04439
3.78618
3.12795
5.39836
5.18666
2.11511
7.53281
-0.705445
4.35997
2.8001
4.64981
1.76197
-0.779673
-0.76676
2.89107
3.05501
0.255388
-1.58793
0.664328
5.60999
-1.34521
6.85663
5.64092
1.48659
3.31024
2.53601
5.61252
3.98175
7.02128
5.034
2.59794
2.38775
-0.235691
4.19195
4.08858
6.15804
2.52162
1.61746
4.09695
4.06347
-1.40038
1.32205
3.51503
4.0079
6.99852
2.22164
2.13567
5.30245
5.93501
4.80082
4.4955
4.65909
5.38424
-0.848804
1.18559
7.60995
3.30399
2.28411
5.80951
5.05782
3.84649
6.05685
3.58879
6.5315
4.32138
-0.935548
1.85299
3.01342
-3.62261
4.55868
5.03496
4.98324
3.32095
4.90457
1.05479
3.79513
2.53701
5.4551
5.26541
3.97556
3.08842
4.29099
1.32861
2.48891
3.42351
4.85674
-0.901398
1.74681
2.95187
2.32403
5.32322
6.70711
6.01279
3.34192
-0.379842
3.29012
3.30138
2.17538
0.811436
3.03458
3.71125
3.8082
6.16762
5.70976
4.81531
4.37689
2.03948
5.32551
1.08843
0.785206
4.33838
1.21322
4.08509
-2.41427
4.05575
0.599513
3.23818
2.60131
5.55127
-1.35964
-6.26053
3.24577
3.47809
4.54887
2.20084
4.58106
6.40083
4.32129
4.70822
3.32632
2.71742
5.86481
2.99085
5.63322
4.87599
3.76734
1.04007
5.01672
6.79053
6.71037
2.36385
3.33388
1.71936
4.22196
-0.525596
3.94387
5.34635
4.91817
3.11043
-2.8374
-1.04359
4.73594
3.55884
2.77245
2.84591
4.1268
1.76188
2.28304
-0.642425
5.58385
0.759288
-3.3639
4.3708
4.99528
0.792086
3.51736
2.81952
7.27034
-0.899859
5.90058
2.1591
3.49087
4.15613
4.73848
1.62738
6.1727
4.47691
3.69419
-7.59006
-0.173052
1.78692
4.8941
1.59785
-3.61424
6.33623
2.28331
3.16962
6.66821
8.31917
4.08202
4.52163
0.573427
-1.57258
0.624612
0.460782
2.1404
3.0963
3.87505
4.86613
0.33564
2.78217
5.42794
4.39499
1.82358
-2.65417
0.00492279
0.997159
-2.97481
3.34654
7.09753
0.647906
3.67424
-0.396367
5.14251
5.60554
1.88282
5.62892
5.36789
5.19689
1.0134
1.35897
3.18817
1.38472
0.709865
4.24451
3.72443
6.68788
6.43777
4.11747
5.37787
7.1086
3.337
3.12462
2.62836
2.45673
-4.34898
3.23566
2.4236
4.6796
2.68012
3.49441
1.87961
2.6926
3.34323
3.97896
3.11229
1.48494
4.29304
3.61368
5.62287
1.50418
3.40939
2.00784
4.67855
0.0115693
-1.36231
3.38431
6.65333
3.13334
3.15349
3.15391
2.98763
3.66146
5.78502
-1.09951
2.63351
3.91034
3.39794
2.12493
5.19286
-0.381345
4.60878
2.52091
0.353983
-0.220423
1.76565
5.54497
4.0012
4.65782
4.90019
2.09524
2.17769
1.64741
1.62263
2.10678
4.16026
7.47241
3.56052
-0.218205
2.23283
