7.1409
8.92445
1.43799
4.97893
-0.652608
-11.1937
0.86158
9.98257
1.45502
5.73712
3.54084
0.899327
-1.05977
6.7193
3.51409
-4.48426
2.35415
-4.84195
3.74133
-3.55904
2.2254
5.88367
4.34455
0.190649
-2.40469
-1.90548
-1.63362
2.45606
5.24253
0.619518
-7.11987
7.67039
7.3909
2.30523
10.133
7.66761
2.30812
3.73468
9.07138
-8.10505
10.0858
10.134
1.14925
3.85909
3.82485
17.1525
-1.8369
11.4729
1.55852
3.88936
4.52955
-2.17077
6.77211
7.6689
2.40798
6.77095
3.73193
5.79449
0.69967
1.60563
-2.71529
4.20301
-5.15605
10.1913
5.22132
3.71076
3.1787
6.19451
-1.44288
4.09961
9.06988
11.6914
1.06614
1.68795
-2.87683
7.87361
7.4363
4.38292
11.8993
5.24093
2.92816
0.270264
-2.23629
0.519113
7.28808
4.5838
-0.1801
-2.2301
4.0916
3.82485
4.40851
7.44496
3.75999
4.19427
3.13466
3.33809
0.673031
3.36625
-0.161024
9.35556
6.44408
-6.61772
3.03235
2.98988
0.266783
-1.4969
1.82394
-7.5957
4.23558
9.06013
10.0556
10.8625
4.53721
-1.77818
0.708107
4.76102
12.5331
2.29603
3.95262
1.98114
-4.22721
6.28936
7.83137
11.5411
4.27429
16.5036
7.33224
2.22762
4.71689
-1.56668
2.07387
5.84198
0.482692
-1.2929
5.85542
4.79892
-0.3224
7.58596
14.0183
-0.546921
6.52888
3.68856
-3.21312
4.06903
10.5191
5.53142
-3.31028
7.25615
7.3859
-0.599404
1.09341
2.9027
0.818475
0.603323
-6.94657
6.5397
7.05321
-6.28607
-2.77697
-4.91478
4.85604
5.68772
0.86704
9.13537
3.72599
7.40857
-7.98746
1.59443
4.09835
-10.413
2.62038
6.77609
-0.201876
7.60167
2.07172
4.72272
9.98949
0.537851
5.25116
4.68276
0.553846
0.428286
3.56169
1.03187
1.64878
4.17378
4.51437
3.19709
7.44485
6.84862
9.57858
2.69132
-1.89803
1.80478
1.93779
3.68459
-6.82437
5.36051
0.873114
15.6649
-0.70367
2.08066
2.42407
15.1558
3.53178
6.1446
8.43257
-0.563038
3.77686
-0.750681
5.46942
3.12187
-6.22591
5.26784
7.55159
3.33672
4.04501
5.05465
1.0886
18.8036
1.80405
3.09966
3.97584
4.98704
7.13136
5.1927
0.791683
-1.90016
7.48033
2.08802
7.23507
4.40272
4.76406
7.88824
3.48264
1.66023
1.91663
-4.26222
-0.515992
-0.00691272
9.2552
3.11733
1.74087
4.47505
1.55092
20.2813
6.37703
1.36627
2.65703
-0.496357
0.685118
1.06573
22.3414
4.09866
9.11359
4.69361
4.4937
-1.4209
4.81124
-2.2626
2.20867
4.64224
-0.944648
2.95868
0.64833
-1.08853
-0.949567
4.89557
7.21966
7.49579
-0.885497
-3.22479
0.873161
4.57466
7.64533
3.47943
4.18804
1.93779
5.06666
-5.95163
2.56044
0.773519
-0.0505769
-0.264534
5.03749
2.05998
0.63158
12.5166
0.540542
4.18169
11.3906
2.0122
5.39633
0.0864029
-0.551943
3.64446
4.9232
-2.45991
-2.33523
8.05667
2.31261
8.76129
3.15337
-2.23859
2.27279
3.77979
9.20357
14.7931
-1.20819
0.818622
9.19548
2.22788
-3.85137
1.57275
-1.14608
8.16763
4.20021
3.20947
1.42358
5.09975
0.945063
4.18044
3.82142
3.60562
-0.545431
-0.617649
4.80797
3.71329
3.25663
9.44378
3.4641
-1.84622
8.92373
2.11848
8.39706
5.0559
-9.91509
2.49476
5.51708
-3.31178
2.30778
4.89668
-6.08838
4.26176
4.31699
4.29998
0.816213
5.76527
1.68579
3.69929
2.36429
0.722796
0.753542
-4.96986
3.75534
0.0424014
1.7297
4.94197
9.17924
0.232612
12.2173
3.43344
0.624062
2.89623
5.30084
-3.2503
3.14867
-4.84875
-0.409904
2.18139
-2.49714
11.4636
-3.69245
-0.213378
4.446
4.06606
12.5315
0.53566
2.63081
2.62833
4.74129
-0.349437
2.98187
-0.219491
3.88706
13.2191
1.38302
10.5698
3.29603
4.14262
1.11933
0.283402
13.0641
3.5009
-1.92223
13.078
-3.94722
3.11157
0.481413
3.1632
6.53437
-0.612986
4.47053
7.23428
1.60905
0.222325
2.07117
6.13111
-1.59754
6.29876
0.0498759
5.74505
0.563741
5.98599
3.23093
-5.80925
3.06243
1.89126
4.29348
1.4705
-0.401576
2.34743
0.82016
3.74924
-0.148894
7.79587
3.85767
-4.82245
-9.34492
4.17542
-0.610373
-3.39459
7.0866
4.41946
5.38191
-0.282114
5.02257
2.63187
3.09577
10.1929
-0.355364
-2.78559
6.43764
2.45804
9.73126
4.56736
0.677244
-4.558
3.66084
2.96005
-3.86436
-1.90116
1.80333
3.71482
-1.6285
-5.80328
-1.08696
-1.83415
-0.279007
10.8685
4.1883
7.61377
8.04794
-0.124642
7.48182
-2.21209
6.90575
2.21748
6.98208
8.11235
3.3026
4.15686
4.97974
4.07415
-1.16949
3.50977
5.24954
-3.38227
3.19361
9.11185
4.13224
5.62986
10.6678
6.50521
9.05467
6.70998
11.1049
3.9103
-1.98191
6.61623
4.38096
-4.50877
12.2279
-3.1263
0.758314
2.7418
10.0443
-4.80919
0.500757
5.16382
