4.18559
2.81953
3.10892
3.21042
2.79282
3.13703
2.70398
4.74426
3.38285
3.33871
3.29268
4.29838
3.3661
2.92931
3.05664
3.21376
3.25835
2.72824
2.51798
3.1985
2.19416
3.03065
3.72648
0.801612
3.05703
3.2714
2.84127
2.98571
3.44164
3.28453
4.06036
3.11933
2.42599
4.04585
2.78351
2.7147
4.98768
2.21942
2.90724
2.06028
3.61782
2.79587
2.80739
3.75871
1.79636
2.63173
3.0077
3.02219
2.55935
3.26785
2.76102
3.52295
2.84315
2.23688
3.16118
2.80621
2.33882
2.81741
2.47745
3.54314
3.67793
2.95131
6.42556
2.65562
3.77947
3.23086
3.31924
2.87526
3.73846
3.06005
4.43629
3.77054
2.50283
3.88577
2.72646
3.02895
3.11213
3.6547
2.81706
2.79628
2.97346
2.89479
2.73696
2.93724
2.71309
8.73872
2.88042
2.29
3.00796
2.98693
2.6085
3.49023
1.72414
2.56916
2.54678
2.82747
3.17207
2.78383
2.63802
4.0624
2.91876
3.02186
1.81879
2.91321
3.62182
7.66209
3.3287
3.50458
3.01681
3.60843
3.09358
3.10607
6.63334
3.40751
3.62974
3.28663
2.33113
2.84577
2.8237
2.92191
2.55083
2.07998
2.77235
1.63073
3.74643
3.05633
2.78715
2.10802
3.81797
10.9397
3.2788
3.0296
3.29593
3.78389
3.46301
2.53411
3.312
2.93286
3.13687
2.03978
2.47305
3.26276
2.81264
3.79802
2.7167
2.71369
2.69929
3.65538
3.32147
3.62356
2.92817
3.98688
0.107693
3.87921
3.03346
2.74326
3.31466
3.281
3.62504
2.69684
2.94608
3.33915
2.45928
3.11524
3.73236
1.96354
1.89664
2.89776
3.32763
2.98813
3.14365
2.83766
2.96429
3.32984
2.50226
2.44095
1.89494
3.13923
2.07405
3.13228
2.87819
3.06499
2.79014
3.15847
2.99826
2.93819
2.66135
3.1105
2.51915
2.35326
2.71656
4.58428
2.72902
3.30418
2.80096
3.04037
2.41864
2.76011
2.24522
3.06275
2.47068
2.11915
1.37081
3.01303
3.34513
2.22827
3.51756
3.16477
2.65731
3.63796
2.83552
2.69498
2.94539
3.20518
3.76182
5.06716
3.38069
2.54599
2.61308
2.85976
2.16798
3.57688
2.60367
3.04079
2.95307
3.29743
3.0922
2.63208
3.90328
2.9939
2.99438
2.54929
3.03542
2.88992
2.61915
3.13335
2.91416
2.99877
3.26861
3.31518
3.70116
3.2335
3.3002
2.83053
3.50329
2.94742
2.74207
2.13266
2.36802
3.38383
1.90609
2.66169
3.13507
2.49322
2.84747
3.31269
0.41222
3.86698
2.72043
2.22039
2.49307
2.85252
2.8741
2.7946
2.83039
3.33544
2.75691
2.80318
1.87678
2.24909
3.54473
3.35478
2.72976
3.22829
2.44156
2.91364
2.16426
3.50719
2.89571
2.72483
2.87864
2.39891
2.94113
4.35888
2.55285
2.45988
3.10974
2.63718
3.31139
3.03793
3.10785
4.11488
3.23084
2.36917
3.07917
2.63817
3.46052
3.30977
2.72476
1.9889
3.16054
2.51382
3.05222
2.53893
3.10773
2.67955
2.35528
2.53843
3.35676
2.77861
6.88732
3.41805
2.51166
2.76811
2.68073
2.95059
2.87102
3.64465
0.647484
3.25716
3.32757
2.66824
3.33544
2.75779
3.44057
3.2111
2.73994
2.16492
3.18246
2.9948
3.43598
3.7799
3.29372
3.2846
3.11757
3.99344
2.35197
2.91202
4.46831
2.76433
2.97545
3.44545
2.35637
2.52722
3.33381
3.27352
3.11525
2.71871
3.56411
2.90404
3.74945
3.18236
3.97606
4.92732
3.1207
2.69935
3.05297
3.09273
3.10587
2.02095
1.90901
2.61344
2.85875
2.78376
2.55263
3.12471
0.182906
3.55933
2.5194
2.77066
3.42685
3.51119
2.34643
3.36257
2.45513
3.22251
3.2023
2.99312
3.17709
3.09818
3.04542
2.34379
3.04283
2.05075
2.67784
3.09543
2.8113
2.42602
3.18517
2.08261
2.75219
3.45442
2.23167
1.01013
2.39797
2.80483
4.00492
2.70468
3.79384
3.04809
2.32189
3.01248
3.52452
2.98589
2.93252
2.75413
1.13766
4.13291
2.76297
2.81947
2.80298
2.82066
2.7828
3.18779
3.25589
2.41762
3.59988
2.28832
2.48563
4.88277
2.44975
3.44364
3.10406
3.23515
3.26296
3.35995
2.24409
3.25928
2.97545
2.08496
2.39502
3.03629
3.09893
3.34151
3.70487
2.66826
3.14313
3.11819
2.59453
2.33628
2.65322
2.48614
2.97566
2.78554
2.6621
4.43582
3.0084
3.10112
2.74949
3.21315
2.74492
3.54184
2.43612
2.5155
3.16514
3.53657
3.75699
2.94777
2.59317
2.29561
2.30146
2.80175
3.01587
3.01167
2.93257
3.03511
3.79083
3.04438
1.6297
3.06059
3.96361
3.52115
3.25145
2.87913
2.98203
9.86457
3.73558
3.2679
2.56261
2.94713
2.98849
2.66062
4.49129
3.48023
3.06897
3.84977
2.45354
2.29355
2.71126
3.44442
3.51798
3.63625
3.02988
3.00421
4.12694
2.8493
2.8653
6.92813
2.5763
2.84095
