5.6594
4.08127
4.61534
0.710554
-3.99773
3.51858
7.42608
2.73768
4.60831
7.80484
3.82946
18.2242
6.17691
-1.7679
5.62485
4.03151
6.35105
2.80491
4.68904
-1.95789
2.50236
2.42808
3.50458
1.78052
-0.362018
-3.6036
5.7141
2.75582
1.47121
10.4518
3.82328
-4.32717
0.795573
-0.0461879
1.73965
-0.458705
5.57583
15.9048
-1.11261
4.93655
-4.45396
9.43413
3.95009
2.43128
4.67798
4.62736
0.0173624
6.38298
1.99557
6.30041
6.25941
2.87702
11.3811
2.88961
6.26461
5.52704
-1.24969
10.5421
0.687454
4.32125
2.57076
-2.37169
6.08521
8.96623
1.42066
-4.03164
6.78039
8.94828
3.03936
0.847348
1.4195
2.77939
6.15673
8.27222
3.47998
2.28114
5.51673
1.79301
5.62724
9.90303
4.84356
6.59115
1.73605
7.9281
-0.838156
6.32294
8.55835
9.17619
9.52864
0.0818936
8.15923
3.41186
-0.406349
-0.227668
-2.96249
7.01437
5.7327
0.592161
1.09232
3.01207
7.78172
0.646256
4.71175
8.35202
4.47676
5.63764
-9.58002
3.74823
3.28909
4.53519
5.69579
7.24875
-2.61645
0.437177
-0.737512
-3.42161
4.43462
2.70111
0.343935
-2.86319
3.20303
5.27195
4.38279
7.15432
0.795523
4.87733
14.1007
-0.721293
-1.64464
3.03839
1.38811
-0.297613
4.51959
-0.357663
13.6126
6.35491
0.817379
4.31422
10.6443
-4.75883
2.29158
2.31892
5.05236
6.81535
3.29855
-3.82139
3.75218
-0.835928
0.112416
4.46005
4.40451
4.67916
1.81507
8.76772
5.85962
11.9299
-0.813791
4.29452
4.09054
7.17337
9.47619
8.26847
7.73248
-0.920477
5.39282
7.2628
4.45248
3.29536
7.97997
-0.438109
0.256638
-1.73977
-0.558943
-2.98609
-5.20603
-0.438109
14.1087
6.7049
4.50244
7.79635
16.1086
6.50666
2.96997
9.19528
2.78698
9.92651
8.01525
2.65076
1.79656
2.05371
7.01764
3.3813
7.81017
-5.56556
-0.727336
3.22336
5.90408
5.34095
1.06672
9.97571
2.89468
3.85104
9.76716
6.73469
5.25114
5.3238
4.94991
12.605
2.15582
6.90498
2.15652
-1.16274
-0.0396114
3.00385
5.90644
-4.24807
11.1456
8.10484
8.76333
3.18018
14.3358
1.48392
-5.93685
0.763136
-0.303387
12.3749
3.84544
0.326768
-3.8723
5.79334
4.29927
3.76434
4.68426
-2.91488
-1.74459
0.378487
9.42042
2.89297
2.89429
4.02398
1.80619
3.53058
1.1548
1.60228
0.481641
11.3845
0.753864
7.35741
11.3886
-0.00835147
8.70087
2.48401
0.827241
9.7919
-2.85976
4.23658
5.28264
2.1956
1.88543
10.6485
6.03673
5.46887
3.53018
5.81309
1.11781
4.50656
3.03488
0.625814
6.25181
1.37724
0.192884
4.89676
-1.14682
2.78367
3.84474
8.71024
7.04493
6.88317
3.51537
3.82408
6.84122
5.11883
3.94612
4.74614
11.1856
-1.95408
-1.30922
0.0406065
4.28551
4.63033
0.392732
7.07844
3.74819
4.6563
2.20501
0.423422
4.73591
1.79207
-3.67883
4.43687
5.69021
-1.86624
3.38744
4.96326
1.84045
5.8387
11.3636
7.70476
-1.01845
8.46516
5.63667
5.63435
5.28651
5.70925
0.220624
12.4984
4.42725
5.17563
-3.4594
5.12102
4.77006
1.42959
0.429677
6.97366
4.2753
3.28002
3.29367
2.99996
6.79777
-4.69948
2.33548
6.6769
6.73511
3.98519
7.40923
4.75821
6.18627
0.0730754
7.04247
4.72051
2.46075
-5.19914
5.48423
-0.780269
2.34725
0.760442
7.1966
-1.17667
5.52134
6.15623
14.7369
3.22569
8.48704
5.63499
21.7414
-6.09956
4.61389
0.962988
5.24484
2.23256
-2.01973
1.78052
0.230154
7.6348
3.87121
-0.0850796
5.60621
5.71774
3.05708
4.14312
4.9971
8.17957
0.881591
5.15413
3.27026
-7.03669
4.34449
5.31249
6.04933
8.61613
3.42424
-1.89847
9.25438
3.23989
-7.52836
2.26261
7.2932
3.95182
1.71458
7.66649
0.990631
-8.17962
5.97067
8.67916
1.52349
-1.32414
0.40182
-0.0424337
5.71138
4.11876
2.6703
1.97333
4.09727
-1.0591
7.7006
3.56326
2.26816
4.32027
9.15167
0.657374
1.66831
2.01355
0.65557
-1.39753
4.81225
7.55187
5.60892
1.91149
-3.32721
5.78175
5.97692
1.08387
3.49541
3.25333
2.62268
9.9416
0.559564
-1.11634
8.18057
2.69564
4.41279
4.03517
0.448217
3.59821
4.39005
8.76114
5.11176
2.72559
0.170746
11.2016
-0.948865
2.83184
2.40514
3.39094
0.786951
5.96081
3.51597
-1.22094
0.740353
5.90052
0.987414
1.58452
3.08561
3.74208
4.68124
2.43638
6.36454
1.19404
3.56177
6.21594
0.218428
5.15795
3.11247
6.56166
7.75123
0.376564
6.34213
3.81711
4.62107
6.01434
2.76477
-0.882877
17.3842
2.58722
4.18538
6.48634
4.21027
9.404
2.69048
-2.60321
4.9511
8.02556
3.98753
8.53379
1.9488
-3.48583
6.86451
-0.331711
8.80181
5.36891
5.73409
9.6832
4.59482
-4.6548
3.93352
7.4926
4.11044
-5.39207
9.86295
1.73004
