3.64247
2.52201
4.16361
2.49229
1.92137
2.88054
3.28655
2.78642
3.02581
2.73836
3.30887
4.52852
2.53378
2.84586
2.51181
2.35894
2.36492
2.62392
2.94181
3.17172
2.32084
3.00378
2.39288
4.37282
3.47912
1.49849
3.53739
2.96558
2.95719
3.12721
3.22227
3.38125
4.07701
5.50261
4.35098
3.29056
2.90919
2.01754
2.15653
3.70293
3.31226
2.72354
2.11632
2.68366
3.79241
3.15217
1.74693
2.56302
2.97037
3.67079
2.52464
2.60192
0.935163
1.82878
2.13975
2.311
3.15836
2.76936
2.8047
3.70425
2.74854
2.12323
2.73569
3.10893
2.73737
0.299202
1.76911
1.90837
2.02396
2.39921
3.28669
3.22453
2.65435
1.99543
2.1449
3.58868
2.93073
3.51136
2.94301
3.11793
4.53742
2.2746
3.48348
3.17175
2.57153
3.8899
2.82528
3.64703
1.92448
2.73717
2.28828
3.03231
3.84463
2.5295
3.88725
3.51175
4.11944
1.01729
2.12367
2.71808
4.19837
3.56136
3.98671
1.993
2.70575
0.612073
3.38584
4.87672
2.78291
2.42802
2.58845
2.95179
5.35093
3.04358
1.4151
2.97292
2.62111
2.64967
2.37991
4.68426
2.96378
3.16229
3.84073
3.46486
3.93929
3.69384
3.6324
2.46033
4.54146
2.51491
2.36273
3.5961
2.56027
2.7453
2.88233
4.0018
3.22691
3.49472
3.04856
2.27949
3.75492
2.71401
2.72365
3.87386
3.26258
2.29255
2.92775
2.5331
4.51815
3.8491
4.00081
3.37589
3.47427
3.87957
3.47535
2.15425
2.37794
2.48114
2.61195
2.82971
3.01898
2.63262
3.33968
2.13853
2.58452
2.48774
2.58385
3.14746
2.92511
4.23237
4.24488
2.4025
3.62416
2.3503
3.22562
3.09301
2.56421
4.16717
3.30486
4.3106
3.76198
2.4908
2.31929
3.80099
3.26125
1.93045
3.24523
3.77398
1.93854
2.82944
0.715235
5.24522
6.46778
2.06433
2.75712
2.74141
2.2948
2.1162
3.11072
3.08339
1.87777
2.74889
2.18178
3.76515
1.75729
2.67074
3.13659
2.48002
3.24603
4.72783
3.38856
2.8989
3.09957
2.35924
2.95181
2.31507
2.60086
3.50772
3.77823
4.2278
3.8289
4.5858
2.64967
0.419307
3.15335
3.56112
2.45614
3.23659
2.10951
3.68599
1.60483
2.4669
4.10385
3.37485
2.91109
1.03109
3.33167
3.09098
2.80821
2.9719
2.41615
2.25018
3.22163
2.7851
4.65911
2.02671
3.36266
1.66792
3.31108
2.48337
2.5015
2.96637
2.22977
3.81019
3.58724
3.1524
2.40624
3.36091
2.38555
4.0195
2.77818
1.76625
2.25931
2.93283
3.21877
2.31418
2.51021
2.17464
3.27349
3.06195
2.68423
2.45882
3.26679
3.5851
2.56205
2.48907
2.00031
2.83837
2.27359
3.08242
3.39354
2.63332
3.16106
2.5681
2.9371
2.18761
3.26434
2.34133
2.55778
3.43325
3.84121
2.81085
2.37073
4.0435
2.87326
2.77146
4.48776
2.29426
3.57385
3.60374
3.09865
4.52286
2.4566
3.92902
4.40309
3.703
2.92629
3.23807
3.80929
2.30438
3.13975
2.87343
2.4079
2.2352
2.64964
3.42516
3.35325
3.5332
3.24516
2.10446
1.24112
3.2776
1.74599
2.53287
2.68674
5.16792
2.79132
3.72753
3.41075
3.23413
2.53378
2.38747
4.20764
3.10871
4.34356
5.12976
3.16687
2.61422
2.97781
2.92769
2.73688
2.62113
3.21598
4.47177
1.38359
3.82446
4.13001
2.54614
4.65863
4.64831
2.67207
1.95759
1.33578
2.13903
4.79396
2.66551
2.94931
4.16575
2.11944
3.24827
2.98572
1.72662
3.30178
3.18504
3.19504
2.43279
2.53956
6.16359
3.78313
3.42683
2.46985
3.70262
2.75101
2.70045
4.36316
3.48195
2.71382
2.61833
3.54184
3.25212
3.30551
3.20215
3.10323
3.43571
4.97072
2.69052
3.18705
4.0281
3.82882
2.20238
3.91906
3.55588
4.04867
4.54145
3.67793
3.16514
2.45403
2.23633
1.80403
2.69544
4.03153
2.4754
4.26089
1.98189
3.37507
3.60701
1.86465
6.48152
2.68374
2.97824
3.63287
1.94803
1.84838
2.20436
3.41935
4.05286
3.71365
3.70435
3.25245
2.75456
5.11616
2.76802
2.59822
3.13304
2.4203
3.44252
1.60034
3.52591
3.47481
3.39213
3.19605
3.28414
3.03452
4.56388
2.76676
2.99269
3.15026
3.20457
1.9061
2.94155
3.51899
3.57658
2.78796
2.27455
3.70306
3.0266
1.795
2.87436
3.57426
3.10273
2.50667
2.47616
2.70329
3.79465
2.71913
2.10211
1.40347
2.03355
3.05114
2.92413
2.46968
4.30658
3.60915
2.89244
3.50923
3.23706
3.20099
2.84193
2.38207
3.68913
3.16672
3.26994
3.7947
1.88202
2.98325
3.18007
2.68168
3.47973
3.4244
3.46888
2.23425
3.09446
4.26295
1.93364
4.20227
11.5029
2.65313
3.62598
3.3802
2.30984
5.1403
3.83791
2.06126
3.43469
2.89967
-3.44516
3.27469
3.3505
3.14397
2.72595
