0.483488
3.8075
0.93134
1.68493
1.35275
4.48103
4.35921
1.39504
7.46654
0.963571
4.53952
3.76207
5.84588
2.61733
6.55633
1.76073
3.93196
2.76941
3.42817
2.6313
-0.682315
2.36301
2.59426
4.42746
0.359008
4.63039
3.01418
2.85281
-3.28301
3.71725
1.85023
0.396639
3.20346
2.43267
4.45113
7.04533
-0.0672648
5.00265
2.08862
0.886251
4.66773
2.29983
2.08593
0.719033
2.95291
1.8162
4.61506
-0.802965
3.06735
6.81281
1.94256
1.99946
4.04389
4.33941
2.09808
1.90879
4.04676
3.83784
2.98587
0.130994
2.1884
2.4396
-0.0854945
5.36457
2.68731
3.13916
2.57166
1.2954
3.59657
2.61145
5.67213
1.94926
0.139585
5.54757
2.71963
4.98658
5.20067
-0.206357
2.61458
2.26747
2.0302
4.70899
5.4066
3.75937
10.4225
2.02227
1.97105
4.46487
3.18867
2.49239
3.49488
2.83347
2.94223
1.10227
5.8607
3.45065
1.12573
4.99216
5.98665
3.55634
0.958163
1.50165
-3.64816
3.64937
2.56191
2.40569
2.99223
5.83149
1.08101
5.25909
8.14158
2.38108
2.3982
1.9651
0.190176
1.85688
1.03992
-0.0537834
4.36239
6.74391
-0.818755
0.127268
4.59849
2.95596
2.86659
2.71023
2.82718
4.67116
-0.582837
2.76945
1.22689
2.45453
5.02511
4.93729
3.72863
0.358087
4.33474
3.68489
4.0536
5.86853
2.4765
1.15019
6.52462
-1.24606
2.45884
4.63123
3.68564
2.29929
3.16721
4.76546
2.89264
0.246273
1.96066
1.25587
-1.25912
6.58427
3.1393
2.29525
2.73991
1.20526
0.87733
4.05204
5.85804
4.37757
-0.949785
1.68052
3.21339
2.16372
1.60028
2.86889
2.62785
-0.213204
4.41944
1.6285
4.07445
1.04877
1.90771
1.62218
4.93091
1.49981
2.76902
0.453729
3.72588
0.789515
-0.057294
4.54309
6.29951
-0.452566
0.0132248
0.382194
1.05567
2.31635
2.21255
1.48925
4.85141
2.98802
0.027898
2.0037
3.78575
1.98694
5.4657
2.68875
3.7624
-3.46298
0.018455
3.32867
8.86296
2.76926
2.84675
1.86668
2.22418
4.03385
3.24059
3.01272
2.55359
0.735644
3.57143
5.39802
1.94089
2.71732
2.22473
6.44674
4.93607
0.461822
1.13844
0.346524
0.261677
0.427278
2.47531
4.30731
1.56141
3.7075
2.50313
4.29049
5.04323
4.79068
5.14522
3.48735
2.05619
1.89938
6.13424
3.0475
2.87941
1.96199
2.53161
3.11359
-1.40428
0.923343
3.78753
2.66416
0.800615
2.24117
4.96777
3.8697
1.38682
5.80126
-0.15008
2.49308
0.0668927
0.991296
1.50464
0.63773
5.77143
0.410309
2.77772
0.0526324
4.51512
0.303824
5.46808
0.78331
4.93875
6.29474
4.05247
3.34875
4.25273
2.21104
4.47301
4.61081
7.96194
7.12008
-0.0613908
0.0286104
3.20096
1.88606
4.03923
1.8749
1.82135
6.10141
2.34202
2.26126
3.24906
4.82831
0.986837
6.15306
1.85837
2.35285
3.21331
3.24911
4.49075
2.11286
2.32109
3.00838
1.6168
1.39002
7.04883
4.30573
2.32227
-1.08255
-2.41252
2.40869
1.23488
0.436272
7.35743
1.93925
0.915874
4.43816
3.64288
2.7197
2.1538
2.32254
5.34555
1.09084
0.721359
2.78773
3.44137
3.92325
3.33726
3.99785
6.90558
4.16504
4.99958
2.27674
8.8187
0.546419
4.93684
3.00304
1.96582
-1.59462
6.8498
2.69157
5.08228
3.2433
28.3886
2.50193
2.32171
2.94903
4.2358
4.78686
1.63615
3.14813
2.27822
3.59517
4.65526
4.82667
1.65201
3.90191
1.23285
0.390605
0.773941
2.84773
2.89898
1.72774
-1.36902
6.22639
4.79358
2.35087
3.39127
2.65872
0.291282
4.10807
2.61129
3.3257
4.4794
2.40873
1.43314
7.34326
3.52491
0.145178
0.875071
2.74307
4.14485
4.83221
4.33483
2.06746
2.87698
3.17869
1.75095
4.62285
4.64193
-3.33248
3.62494
0.857047
2.58273
3.88973
5.37143
5.6675
2.46682
1.74196
2.68368
3.95913
-1.386
1.0822
0.998878
4.68668
3.66354
1.00048
3.5887
2.25848
3.50781
4.16044
4.03385
-0.134762
2.82237
2.57825
2.96307
6.99402
5.4237
-0.325531
5.95552
2.86787
3.02879
0.422893
1.41231
-0.608617
2.51875
6.31568
0.679263
1.96035
4.3312
4.46818
3.7961
5.09284
3.95462
4.70467
1.85606
3.5746
5.71447
12.306
0.204134
3.71577
0.769575
7.50969
3.80375
2.78781
2.23164
1.12458
5.40675
2.03955
0.185537
2.93898
2.78336
2.70834
1.47477
1.42288
2.90245
3.85229
2.71498
5.3196
3.67159
2.33966
1.20904
2.52508
3.89003
3.98505
3.12657
-0.40073
3.58824
3.82952
3.43341
-1.40756
0.665372
2.64737
3.7373
2.18692
1.96618
5.59803
2.15541
3.499
6.09631
3.72416
5.33733
1.47139
1.13212
-0.439657
3.55045
2.59791
-0.365688
3.01822
2.35557
3.2792
2.45051
4.42895
2.23307
0.864412
5.12803
2.35447
6.10276
2.74802
1.85032
2.69527
