6.67276
6.65327
1.83085
0.291361
3.31421
0.876959
3.8089
5.85258
-3.02981
3.92782
2.53301
7.62266
-3.22808
-0.460062
2.28802
4.93252
1.4395
2.15607
3.5975
3.41508
5.96322
2.47935
4.47803
2.45081
-4.22368
6.23064
4.62817
-0.511294
10.2346
-0.838822
4.65401
5.57451
1.67592
2.36847
3.08775
5.13388
2.70879
5.3303
2.68161
0.0910736
3.07105
6.86299
2.2439
3.06498
8.88328
3.4822
4.8484
4.69188
1.84747
3.48344
7.61992
0.918382
-2.32089
0.435209
7.22027
8.24738
2.75166
3.99375
2.15122
6.64612
9.66731
-3.17756
1.91701
11.0078
8.91826
3.04011
-1.11646
7.02646
7.42842
12.0644
0.0735136
2.1233
0.748487
3.5478
3.91766
7.21505
4.97401
1.66309
8.23346
8.10283
11.1685
2.26341
-2.98042
5.33041
7.23512
3.50903
-3.98755
1.87722
5.47351
4.41501
6.1229
-2.83273
4.90658
7.14598
8.64461
-1.44725
5.9221
6.00491
6.06352
-1.49709
4.53177
8.61647
7.16003
-0.814965
4.82046
1.44178
-2.67177
5.53786
4.4025
5.50841
2.14241
1.43886
4.43589
6.01045
0.300321
-0.885573
-4.5302
2.3977
2.4383
-4.23799
4.89346
8.48348
5.2603
4.22346
-1.34157
6.06587
2.72239
5.70217
3.96942
0.0335297
1.47134
6.14394
-0.609603
9.88583
-2.47863
1.95791
4.13483
5.08734
11.8346
3.58801
3.02319
-2.24706
3.0673
1.90784
-4.64311
10.2437
3.51964
-2.78101
7.04942
5.91253
5.1587
-0.0858707
2.54644
19.1874
5.23927
6.92684
1.01822
1.94808
3.70982
-0.0545151
3.72383
4.75489
3.17445
5.44945
4.02711
7.83887
5.84883
3.2401
8.51909
-1.9445
-1.66895
1.61381
2.37956
6.01532
2.41733
1.64901
6.96268
-0.92039
4.85626
5.19958
4.9213
5.30316
-4.86975
-2.14858
8.24738
4.07065
-3.55092
3.9007
4.35202
7.73119
-3.7162
7.46639
9.03927
7.50046
3.87027
2.67728
0.175411
3.46372
0.556919
2.25754
-3.25935
2.33062
-0.163296
5.48008
4.94588
3.82572
4.72686
6.64612
6.58987
0.633056
-2.18345
0.927238
7.35591
6.25865
0.699241
-1.10485
-3.78434
-1.86024
7.48692
6.35218
-1.75853
-0.175427
6.53086
2.84627
4.87733
-0.0871001
1.67835
0.586965
6.52207
5.60471
2.45873
3.36754
8.05888
4.0632
2.76546
2.60386
8.47157
0.465808
4.54069
3.75209
7.49964
6.9043
4.98151
1.59094
3.76023
-0.0447399
2.36617
-0.488895
3.09026
-0.459285
3.79875
0.89478
-0.504704
4.68906
2.52953
11.2156
3.66354
5.8671
5.02016
6.52285
4.67632
4.80972
-0.177106
0.145092
5.16587
1.84466
3.36396
4.80399
6.78742
5.15268
-2.04214
1.45533
8.14108
4.34005
8.09473
1.01995
3.11971
8.48199
3.52642
7.55986
1.24646
-5.46049
-1.0596
6.03054
7.11631
4.2038
5.02444
6.07337
7.57901
5.33613
4.95509
8.42221
4.05865
-1.31197
1.03745
6.83664
5.87377
5.47616
3.27862
8.50286
0.0954539
2.82337
2.86428
1.42427
-1.89395
-1.13725
8.19692
0.73009
4.5767
-2.11587
-0.0492245
7.38943
7.57336
-0.835546
3.4101
-0.768501
-1.56886
6.23655
8.60971
-1.42423
7.64577
6.46001
3.14298
7.174
7.10831
2.56989
1.82968
0.373341
4.43591
3.64471
4.19235
2.95202
6.07108
-1.31597
11.473
-3.62903
3.97418
2.57391
0.21145
5.05367
4.23309
5.38845
3.86129
2.62382
5.30315
-2.15349
11.1604
7.78306
6.38712
6.64001
2.27664
3.70797
6.705
3.02207
2.24145
0.398819
8.68459
5.87883
3.55491
4.75207
3.01064
6.02668
1.80979
3.64007
0.496893
1.51893
3.18412
3.31039
3.32664
-2.68983
3.39705
4.78236
-0.942196
3.43777
5.93139
7.15236
-4.25195
3.14596
6.11575
-0.292265
10.0605
3.71882
2.33062
7.12851
2.87026
5.19639
0.293371
-1.98758
5.82059
4.97859
2.00116
-4.63823
5.21212
5.7243
6.49154
4.91676
3.22679
7.93584
0.475655
5.63036
-14.5456
3.79839
-1.78917
3.35491
4.34707
4.20234
6.18567
5.761
0.757627
3.1804
2.39792
7.81073
4.61523
4.04546
4.19437
7.55098
-0.866244
-2.83383
7.57554
1.11267
4.48691
14.7996
2.93041
1.18335
8.99485
5.01806
6.68087
3.59923
3.10684
3.41644
3.17499
7.23652
-1.71989
1.79141
3.84916
-1.01654
7.412
5.66078
0.414064
-0.0322882
3.29845
7.60681
4.81382
8.01587
5.93725
7.86597
3.72461
1.16574
-0.105245
-3.47178
3.9066
0.889324
1.26911
2.31344
7.51429
-4.2103
8.03342
8.5718
0.22989
14.0865
0.598821
1.65749
0.332655
9.34246
2.8329
4.96676
2.96838
-1.998
5.6968
-2.28419
7.65424
2.24841
6.1556
5.59068
7.31459
2.23267
6.23282
4.28681
2.00297
3.6532
2.2216
0.373206
2.60566
1.17268
-1.68752
-1.07949
8.10825
8.60739
4.12899
7.37997
4.85413
-2.8553
5.85272
5.30127
7.72919
5.98549
3.17027
0.276944
5.77089
0.213305
