3.02448
3.79436
1.45467
2.17988
3.51869
2.32466
6.14943
2.74478
2.13175
2.52844
3.72388
1.80721
2.63309
2.49704
3.20512
1.78693
1.42078
1.3126
2.90012
2.63439
2.84295
1.38543
2.77126
2.39217
2.6824
1.28827
3.18499
0.827014
2.892
0.651966
1.29883
2.98956
3.2464
4.69016
5.329
0.507637
1.01319
6.54358
2.65246
2.92309
2.4245
1.60479
5.71803
3.42485
1.67115
1.4432
2.432
3.24995
2.70867
2.50134
3.20047
4.68654
2.67853
1.96188
2.94953
5.20582
1.87526
1.77531
2.66937
1.89682
3.91752
2.4233
3.65676
1.78789
2.82381
4.18873
2.23271
4.72216
2.48618
2.20522
2.12648
3.43048
2.3942
3.31353
1.56125
4.80751
1.29318
3.49282
1.49026
3.27095
-0.166336
2.63317
3.34566
3.9676
1.96705
3.90472
2.86729
3.31702
2.84085
2.57026
4.15121
2.0169
2.81605
0.818244
1.77892
3.13314
2.42642
2.34119
2.30675
2.79858
2.96685
-1.73412
1.01996
2.76823
3.24448
0.501009
2.68624
3.23037
1.24126
2.04402
4.69113
2.64532
1.99322
0.841531
1.95268
3.90789
1.38553
2.55367
2.92388
1.82587
1.0101
3.95339
2.22245
5.52157
2.55199
4.11828
2.35963
3.55006
3.46573
7.4365
2.95832
3.49535
3.4056
1.296
4.06839
2.29787
5.02864
4.97501
3.37485
2.77327
0.922345
2.09743
3.50346
1.2225
3.22739
2.60946
2.6598
5.96984
1.26283
1.43151
3.0106
3.83737
2.55955
1.39159
3.13145
2.52476
1.34406
2.42408
2.42483
3.61923
6.30654
1.68924
2.83179
1.96308
3.93586
2.11004
1.94423
1.58727
1.33717
5.02042
3.81054
0.756793
2.09537
3.04246
2.6108
2.07612
3.1569
2.26557
0.574864
3.67791
-0.378611
1.82139
5.01671
2.88775
2.09009
4.0729
1.78968
5.46342
3.31177
2.95512
5.04136
2.76413
4.53757
2.71076
4.62366
3.07056
2.31268
4.06904
2.06251
1.32998
1.22544
3.25184
2.73068
3.74728
0.256593
2.94426
2.84764
1.78322
5.68942
1.89839
4.00726
4.11598
0.748056
4.67336
2.28812
1.55326
1.5087
2.0065
0.915489
5.12329
3.57026
5.10545
0.640407
0.674226
4.45938
3.07441
1.72286
6.80065
0.209636
3.26109
4.99608
4.11283
3.00853
4.90664
2.26769
2.3022
1.71544
1.83827
2.11205
1.01675
2.58797
3.97351
1.38936
3.26651
9.61553
1.89314
5.52251
2.74146
3.48975
2.1705
0.521053
2.39221
5.28057
2.79913
0.290435
1.68518
2.24458
2.69154
1.98879
1.8959
0.284599
1.44155
1.77586
4.90866
3.12201
3.96884
1.90173
3.44572
1.22394
6.41258
5.65998
1.55339
3.39717
4.57431
1.13715
2.70238
2.13163
3.88363
1.69039
2.45967
1.30803
5.62992
3.23001
1.34957
1.70849
4.78911
2.05463
2.77327
2.19762
1.51669
2.75762
0.239358
1.89841
3.16315
0.204758
5.59344
2.85471
0.879501
1.77914
0.745704
2.56634
1.8613
1.05492
1.37784
6.00966
2.36552
2.4208
2.24238
3.3514
2.99155
0.830694
2.14278
-2.01286
2.90715
0.213808
2.26939
2.22129
2.40651
0.712352
-0.00506085
3.02362
0.753518
3.9905
2.39725
1.52241
-1.21939
2.83095
2.29008
2.40428
1.93807
5.1196
2.49796
0.64402
2.74525
4.34617
1.50038
-1.27546
4.18874
5.85393
3.08716
2.06501
3.55376
32.8874
2.8858
5.21706
2.32127
1.19711
2.6721
2.87709
2.18318
4.85588
0.718371
3.95399
1.65089
2.4013
1.07618
1.29771
3.07191
3.56309
2.7494
2.59393
6.87323
3.02846
2.48731
1.8028
6.39856
2.28167
2.24941
4.30492
4.31577
2.50561
2.21323
1.42736
4.57167
3.29695
2.92591
-0.0617736
1.97628
2.56725
2.70727
0.991729
3.95744
4.47913
0.980097
2.31034
1.24724
3.16225
3.40076
2.56676
0.780858
2.43968
4.518
3.22288
3.10833
1.42611
2.92225
3.30126
0.966087
2.9799
1.55814
1.62156
2.69439
3.70859
2.05429
2.46401
1.7929
-2.42719
1.69846
0.998048
2.96268
4.94555
1.73961
3.07234
1.86269
1.92949
4.2369
3.32343
-1.31496
4.21604
2.37411
2.64065
0.117624
1.40884
2.51335
2.06853
0.527241
1.18903
3.26868
5.66435
2.41467
2.22042
1.19409
4.45645
2.555
4.60838
3.01336
2.18344
3.38362
3.70126
2.06479
2.169
2.59906
3.34236
1.22781
3.00037
4.8968
3.68417
2.34687
2.95346
1.91681
4.53385
2.16589
2.77439
1.62437
4.29534
4.548
4.2159
1.70236
2.76892
3.62361
5.60142
2.70851
1.61689
4.5203
2.19607
3.05302
2.74794
2.39562
4.94452
2.71149
4.1367
2.59855
1.9292
1.97455
2.80347
4.15212
5.72543
1.17611
3.53469
6.86441
1.39068
2.8197
1.77273
2.57956
3.25462
4.14251
4.77316
2.98332
2.93902
1.59665
3.60419
2.14473
0.822741
1.44708
3.43676
2.65979
2.01145
-3.06034
1.6154
4.04649
