6.60105
1.9047
5.18947
-1.58945
7.56731
4.50516
4.47957
3.70825
4.04528
1.61732
7.1989
3.76303
1.01661
2.58721
2.88483
-0.322178
2.7198
2.59258
3.57711
3.35347
2.72122
5.01992
2.64911
2.82184
3.78702
1.41194
0.702445
1.90783
2.76207
1.83444
3.73551
2.07593
7.69493
-2.429
3.92641
1.21906
5.05775
5.97676
0.178728
4.10231
0.656386
1.39876
5.9396
1.59105
5.94208
3.79733
12.0748
1.53498
5.01819
2.36174
1.72254
6.73117
3.82259
7.78178
1.65848
2.87478
0.408459
5.59106
-0.904095
-0.24939
-1.27182
1.17372
4.40105
5.44586
6.21944
2.11303
4.79624
2.95205
0.600429
2.14729
2.6007
0.884249
1.08899
2.63966
3.72212
1.37245
3.39761
3.12266
4.40476
3.22919
6.61919
3.36747
0.66467
1.16213
9.49762
1.16853
4.06462
4.00945
0.589023
-0.878169
3.00171
3.36499
7.49545
6.58514
3.3401
5.00935
1.71996
4.99017
2.44188
2.94801
4.24647
-1.94388
-0.363423
2.48371
1.60803
0.762126
5.13344
5.22731
2.15076
0.82664
4.26682
4.84634
3.24059
9.29754
8.80869
3.06213
0.945875
3.68556
1.73154
2.33597
0.430997
1.00674
5.46356
2.04491
4.40703
8.25589
2.43632
1.41561
0.827226
0.955403
4.89707
3.27951
2.86296
0.764194
1.56703
-2.48758
0.783813
5.74059
2.79598
11.0676
6.34444
3.8339
6.02403
1.85268
1.91553
7.89347
1.15931
4.03271
2.04844
4.31964
3.54015
1.48023
4.78658
0.772385
-0.00596105
2.77925
2.08414
1.61445
4.62222
4.03479
4.51912
0.853177
-0.557238
5.95332
4.40205
0.35735
3.57717
5.10408
-2.10631
3.91062
6.32084
1.38227
0.794498
2.63469
5.59303
5.27772
4.33666
0.36546
1.43101
0.822923
3.19806
3.28504
2.41508
2.00251
0.77773
4.24588
0.912197
-1.61272
2.89805
-0.0119568
2.78977
3.03499
1.10505
1.50842
3.36788
4.38479
3.73248
2.17801
3.62324
3.55357
1.72524
4.12815
-0.325752
2.38642
2.17338
3.88031
4.02421
3.24511
7.52952
4.64838
0.881538
0.225157
0.481444
1.60742
7.117
5.65682
3.56208
8.66186
2.58869
3.07168
4.9997
2.29585
10.7693
4.60912
4.44303
2.73782
0.235781
2.53618
2.68895
2.6881
2.93951
5.46629
5.3115
2.91921
4.7196
2.85538
3.78894
3.48219
2.84567
2.87728
6.15564
4.18737
0.118718
2.3632
7.64275
2.51549
4.84467
3.35725
0.90675
1.87521
5.10909
2.04703
-1.52384
4.62956
4.74075
6.66935
1.65854
4.50466
3.63758
1.4242
9.02889
11.2428
7.09744
3.47111
9.96116
7.59572
2.66626
3.81245
1.829
5.27872
1.7369
1.78661
0.97889
3.99385
4.09477
5.76677
0.917957
1.26317
2.88783
6.39873
3.13854
1.82827
-1.09162
3.94622
5.42426
0.942316
6.13572
2.50348
3.66257
-0.118494
2.76992
-1.02634
1.79212
2.57687
4.98801
2.42053
0.110486
4.41111
3.65387
3.66741
3.45065
2.36626
3.3681
6.06914
11.2538
1.83329
2.4186
3.5101
0.304812
5.32244
4.69967
3.83882
0.949116
3.47084
2.44806
0.0616389
9.39037
9.45433
6.99563
3.95881
2.96633
3.97555
3.90134
1.13246
7.86368
2.13635
2.61575
6.52483
0.651237
1.78766
4.33239
5.02306
4.05203
4.41533
1.617
7.27089
6.51036
0.813574
1.10967
1.53025
0.403891
8.41403
1.34879
10.7181
2.89767
12.6839
6.78323
1.36059
2.2739
2.93413
-0.000318764
6.07298
3.19272
1.3122
0.0354014
4.50814
3.49163
3.40877
8.90232
1.19585
3.22153
2.14186
4.59289
2.03465
4.41256
0.186088
4.61444
3.17294
-0.603987
2.97971
2.73665
2.25395
0.404498
2.35732
2.41017
3.78769
0.558442
4.42491
0.940048
2.78069
-0.97217
4.05656
4.39913
4.61498
1.41165
3.61823
1.74275
6.47187
13.8282
2.95996
5.82978
2.68293
4.6756
0.843226
2.09222
3.37943
2.41947
0.978054
2.92165
2.79229
2.2059
2.07231
1.50595
1.68292
4.10202
1.51082
1.9063
3.46092
3.78901
2.55206
7.10706
4.9628
-0.437176
1.57409
6.18713
3.5946
1.81599
2.56563
4.40009
2.22667
0.916594
3.73006
0.997472
1.27166
3.6172
2.29167
4.19524
4.89263
7.82549
4.60287
1.21725
1.00536
2.87762
-0.194285
6.73473
5.42194
3.74108
4.40919
0.520774
2.55421
-2.10631
5.45318
3.38463
2.73273
1.61445
4.3661
0.693306
-0.0178947
5.02555
-0.14577
3.81255
1.90747
0.939363
3.78671
1.07681
6.2269
2.64491
5.2973
3.4073
0.707336
2.05454
3.5835
-0.454684
2.92082
3.42792
5.53483
0.296279
1.88634
2.25102
5.77549
1.93669
1.98965
3.12806
5.8497
4.56469
6.67762
2.97121
-0.505808
1.90644
2.12942
2.00995
4.13117
1.98163
4.87098
3.62093
4.93201
5.89736
4.59137
5.503
3.91886
2.05511
5.79034
3.16642
-0.51302
2.04674
1.73335
0.849824
1.90543
2.07078
0.597243
