3.15562
3.87741
1.45196
5.82518
6.34185
3.66865
4.26611
2.96556
5.15912
2.58816
4.78741
4.43972
2.73216
4.2709
4.11261
2.95595
3.11925
3.11767
0.956259
3.0691
7.12345
3.63873
8.91158
-1.31996
3.70024
4.93953
0.653447
1.56565
5.22266
1.58957
3.52624
4.05642
2.95013
1.38584
4.10269
5.65396
4.46918
6.75914
3.11193
4.6309
2.95513
2.55896
5.3268
3.84717
4.2513
4.87953
2.17412
5.06949
5.57989
3.94208
4.10189
4.71131
5.05731
2.07776
1.38781
3.65586
3.39794
3.49466
5.55349
4.2576
5.81656
2.78536
5.15575
3.83484
3.27873
3.89852
4.68676
5.52692
7.63933
3.9047
1.56986
2.97651
5.08734
1.61613
-0.0616504
3.65632
3.44195
3.97122
3.40725
3.64304
-0.661814
4.03037
3.02661
6.44779
4.00193
-0.0901971
3.9603
6.85854
3.51044
3.74402
2.07952
4.70831
3.47615
3.06292
3.76904
6.45625
3.79124
1.80087
4.09665
0.662508
3.81754
3.46259
4.66657
2.77833
2.42169
4.0299
3.04989
6.13187
4.64758
1.55736
3.74733
3.17576
7.4855
5.16803
4.30674
3.35501
5.82269
3.35779
2.95855
3.88602
7.30538
2.02865
2.49737
6.71562
2.41102
1.60832
3.25045
1.74394
6.41997
3.02594
4.85456
2.14029
3.73695
4.29039
1.97362
3.95616
4.03591
4.94977
4.97126
1.99211
4.83709
3.34303
5.10016
2.43155
1.69371
3.9956
7.66007
2.79955
3.19848
3.74121
5.74919
2.12939
3.40396
4.46318
4.31934
3.81201
2.34338
3.8473
2.21726
2.52823
5.05563
4.94895
3.91928
2.67722
6.08054
3.52309
3.78097
2.02677
0.787053
2.04726
3.04524
1.77858
3.71878
5.33894
5.26819
2.33382
0.935247
2.52018
2.94951
3.2431
1.97155
1.25645
6.44975
4.27571
4.48212
6.24053
5.91758
4.51026
3.98133
1.01441
2.61081
4.17401
4.18341
5.6702
4.5139
3.05508
6.23666
1.54467
3.40006
2.23479
5.4367
3.84056
3.82456
1.56606
4.91992
5.18417
5.17491
5.89003
1.65917
2.46031
1.73553
5.62048
1.99865
5.26472
2.05901
3.69536
0.688855
3.63808
4.20051
5.05387
7.22493
3.63916
5.11792
2.70197
4.61021
2.96014
2.11996
6.91086
4.0507
4.59976
4.18607
5.31751
3.3743
4.6164
3.4412
5.34743
6.088
6.68999
2.02036
3.21972
4.23211
0.844288
-0.307927
4.83455
5.3238
6.45677
6.24071
3.32574
3.22051
5.27897
5.05038
2.7956
2.84962
3.76833
5.36181
5.13401
6.13976
2.77698
2.89886
5.60399
1.64736
2.09619
4.71109
2.90013
5.84687
2.92008
1.37163
5.72784
3.1968
5.85741
3.42975
6.56614
3.56271
3.36551
2.42914
7.15453
1.70494
3.50844
3.34452
7.60317
6.54037
3.08397
1.01509
6.22529
7.6006
2.20449
0.980661
3.53153
4.0283
3.09789
1.35089
1.76437
4.07936
7.47063
5.37272
1.45887
2.89031
3.52979
2.70011
4.38995
4.11111
3.49757
4.24764
4.86957
3.68597
2.9481
3.37266
3.5885
4.36523
4.59731
3.02455
2.6772
1.50148
2.48785
2.34547
7.54733
6.21907
7.17833
3.67881
6.91086
6.04327
4.53285
3.42258
4.27494
5.3057
6.4041
2.38437
5.90856
5.39204
4.33842
0.929927
3.35242
2.89942
4.58839
1.05691
2.63286
5.91717
4.06605
5.19577
6.59315
3.36551
0.440534
4.95319
2.8529
6.72947
3.79882
4.7464
4.25941
4.01079
5.56426
2.50048
5.51447
3.20647
5.88443
5.42686
3.36806
4.32861
6.94441
1.73178
3.97071
4.8912
4.57827
2.2205
4.8348
3.59906
3.76136
3.67554
5.69909
6.62604
7.94821
3.876
8.59522
1.22389
2.3869
2.96323
5.28811
3.74755
5.22473
4.77337
2.96654
3.34418
4.74433
3.9178
2.77409
2.89471
2.03292
3.73164
5.14497
2.34784
4.0202
5.03171
3.63113
3.1088
2.12508
4.67697
3.26795
5.5828
2.43067
4.12379
2.20074
3.7119
2.54711
3.59302
1.34919
3.16136
4.30839
5.27489
7.53389
3.84042
1.67861
3.14272
3.34989
6.58695
5.54585
3.41079
3.11389
4.16623
4.01447
3.61978
3.59026
1.7985
3.6463
2.07248
5.41116
3.54203
4.48593
5.44892
1.99838
4.3821
2.75962
2.20153
4.47224
2.28233
5.19419
3.15471
3.41175
3.58366
3.64672
5.73387
4.9212
7.06065
4.6347
3.7789
2.90717
1.65373
2.3831
3.5051
-0.932459
4.81625
2.50594
2.96834
0.408945
3.32706
2.28771
1.71704
3.411
2.71858
2.2829
3.87224
7.17056
5.06812
3.29335
3.47171
3.50721
4.89827
1.58492
6.70145
1.89893
5.27379
3.29173
6.63345
3.64134
4.03823
3.74508
3.37978
2.9525
3.63627
2.03435
8.00401
4.32305
4.53798
4.36321
4.29774
6.5874
3.98387
4.31448
6.68275
4.66097
4.15855
3.25232
2.58635
7.26982
6.08283
4.08492
2.01045
4.50745
3.01801
6.11995
4.28
2.80844
