3.14044
1.81522
2.9829
2.98728
3.31547
2.6727
3.96883
3.72219
0.986768
3.3887
2.41172
3.07583
2.31746
3.92672
2.10362
1.80446
4.50975
0.0533443
4.34292
1.08301
1.56303
0.29644
1.60626
1.96026
3.58775
1.60961
2.0817
2.80463
2.70786
2.88208
3.51223
1.36811
3.85523
2.13613
1.87936
3.07031
1.93981
1.12913
1.91755
1.77526
2.33914
2.18621
3.00144
1.72897
2.90687
4.9092
1.95933
2.03339
2.36763
1.58347
2.34888
2.65191
2.31617
1.19882
2.94112
2.50336
3.17704
2.40878
1.23707
1.36628
1.85159
1.72547
2.5586
1.74256
1.58481
2.76725
2.23171
2.70514
3.20896
1.67227
1.03396
2.11689
2.16316
1.2726
3.57015
3.00818
1.6472
1.7669
1.2331
3.02411
2.73668
1.33724
2.59097
2.08424
1.34735
2.88209
3.42318
2.2539
2.78118
2.76177
2.88406
2.68781
0.810675
2.10638
2.14009
1.49502
1.98242
3.27306
2.46799
1.98774
3.28578
2.96084
2.28293
3.13604
1.07804
2.17979
1.85751
2.45127
4.07829
2.24792
3.95665
3.21097
4.14079
3.99298
4.94564
4.15373
3.85062
1.90226
2.74858
1.59176
3.5266
2.20984
2.26781
2.62389
2.13194
3.37153
2.74313
1.39047
1.99494
3.55297
0.961243
2.30373
2.59268
2.61681
2.84279
1.94641
1.44688
1.76097
2.7078
2.6687
1.55633
2.26945
2.90521
1.57552
0.704456
1.81522
1.49096
2.97264
2.82818
2.29632
2.15862
3.39482
2.65921
1.85627
2.11168
4.42586
2.30538
2.35851
2.08552
2.16569
2.71383
2.90142
2.35112
2.6898
3.03583
1.74748
2.40154
3.0597
0.427726
3.31617
2.90273
4.669
1.78259
3.18412
2.43364
0.960765
1.40326
1.54403
1.43813
2.92267
3.06653
3.01479
1.84293
3.52455
1.24793
2.42275
2.16765
2.89514
2.22459
1.8921
2.71355
1.68402
4.35512
0.93336
1.65683
3.11873
2.38756
2.15301
2.37565
1.51693
2.59424
3.01811
2.18674
2.2093
3.17284
2.44047
2.60843
3.0243
3.00072
2.27551
5.62181
2.14068
3.5069
2.31564
2.81282
1.75549
1.78436
3.36772
3.33268
2.24674
2.40418
3.91027
1.22544
3.66326
2.88261
3.34113
1.61456
3.74408
2.49833
2.72136
2.87972
0.725348
2.7163
2.56187
1.2684
2.33879
1.74249
1.73835
1.84587
2.21221
4.01734
1.21499
2.38974
4.04665
2.40799
2.51649
1.92629
3.21126
3.42244
3.308
1.85673
2.63776
2.39928
4.9614
0.980947
0.99218
1.10581
2.06493
1.96935
1.23812
2.02185
3.01371
2.09068
2.12518
2.0641
2.96154
2.0245
1.33166
2.12545
3.19308
3.16367
3.47654
2.66011
2.80629
1.52858
3.31337
0.697326
2.70332
3.11053
3.34939
2.56853
3.05206
2.09496
2.41414
2.50114
1.48947
1.49245
1.08953
1.42407
2.87131
3.23246
5.12768
1.79643
2.52953
2.91565
2.20401
2.5626
3.29265
2.38648
1.96469
2.21059
3.10006
2.56992
1.98588
2.05207
2.16919
1.41727
3.03323
3.01742
2.03082
1.51542
0.913969
2.6395
2.63192
1.13762
2.35536
1.86885
1.41975
2.21875
4.07047
1.85034
2.41817
2.63522
1.64477
1.62483
0.608979
1.60949
3.3326
3.4853
3.70126
2.49275
3.65525
2.81971
3.37449
1.718
3.40227
3.1303
1.70153
3.27196
1.30296
3.44344
2.33034
1.78788
2.40522
1.52247
1.2392
2.44815
1.70206
2.55909
3.27672
3.04314
1.74912
3.11675
3.84759
1.92467
2.37259
2.26276
0.888436
2.8471
4.22325
2.14272
1.56198
1.76281
1.45323
2.21555
2.99015
2.65354
3.25325
2.79594
3.93196
3.45214
2.87531
3.81742
3.78751
2.28493
3.24367
2.25807
4.17285
2.00911
2.54147
2.63119
3.84771
1.78133
1.80875
3.56041
3.50865
1.84011
1.36282
2.56803
0.764834
2.6246
2.5373
2.42618
3.77405
2.51099
1.61877
3.38705
2.19082
2.21453
2.37821
2.80005
3.50121
3.10621
3.14061
2.18743
1.73103
2.61313
2.74383
2.51542
2.41217
2.12958
4.1878
2.77997
2.98584
2.46142
2.34889
1.76593
2.9957
1.99034
0.837676
3.29296
1.36027
1.39296
2.12458
2.31066
2.65346
2.54833
2.57993
3.2234
2.68821
1.08037
2.49839
3.99448
1.83146
1.60639
1.8238
1.17822
2.60421
1.02861
2.72395
2.66918
1.79636
2.2729
3.26888
2.23113
3.11614
2.08808
4.4475
3.60741
1.24178
1.96792
2.083
3.41482
1.53882
2.10538
3.20402
1.87591
1.66501
2.15165
1.55991
1.35415
1.73246
-0.497833
2.52617
3.36736
1.89545
3.86092
2.66325
1.74906
2.764
2.30592
1.71529
1.36138
3.42318
1.54134
3.87107
2.03584
1.6583
1.72913
3.24574
2.38699
2.24836
1.33319
2.3633
3.7002
2.60404
2.29361
4.28752
3.12649
2.69829
2.47851
3.4128
2.30557
1.90661
2.27798
4.20676
2.85784
2.54462
0.378969
1.76143
