0.275972
0.969776
7.00375
7.6966
0.248172
4.87623
7.60561
11.7558
10.2205
-6.88613
1.35696
-1.29799
5.05173
8.58968
1.2859
-1.5803
1.16724
6.37954
2.18334
-5.19287
5.92546
6.83842
-0.370421
0.481858
4.5449
-2.42335
4.34794
3.46717
-7.42319
2.87984
-2.0274
5.13179
-0.734652
-1.15045
3.77775
1.94604
3.43362
2.33202
-0.594724
4.87863
3.40108
2.96805
-0.401184
-1.79409
4.20909
-1.55258
8.753
4.83528
-1.61055
8.672
-2.75524
1.17972
0.137162
6.30331
1.62243
10.0703
2.91353
-0.461385
1.76143
-0.744172
15.7925
-1.3382
-0.494199
4.34984
5.56901
0.996423
7.27877
-1.50099
13.1795
5.13917
1.6224
4.82954
2.79927
4.34452
4.44421
2.08835
5.97384
5.57557
0.791587
3.25993
0.992042
0.160958
0.756193
5.73543
3.24104
10.2564
10.9788
4.6464
7.94523
10.2949
2.29989
4.73468
-7.30513
0.189665
1.87047
4.33706
8.84246
10.351
21.1363
5.96002
-6.85744
8.18087
0.58906
6.22972
3.19984
-5.1549
6.10167
6.17679
-1.46687
8.35928
2.20114
4.17831
-0.697626
5.53952
2.38807
-6.59198
5.59734
8.86249
8.2824
7.54423
-1.75688
8.56309
0.21924
4.18346
3.8458
0.528928
13.7006
0.98754
3.44115
3.68443
-0.519134
2.06084
0.431546
6.51897
9.19535
-1.86039
9.66345
6.97613
0.842479
4.39194
-0.46299
6.80645
11.9611
2.40163
-3.32535
4.38957
8.42368
2.04644
-5.61596
-1.34361
5.91749
4.9487
2.48449
5.07166
6.4022
2.22822
-0.908863
9.1933
4.03067
4.74065
-0.604498
2.69466
2.34629
0.21572
4.25233
4.69532
2.43551
0.226036
4.52891
9.18024
6.60906
5.40191
2.9937
2.79871
7.57175
5.9728
3.64084
-2.4738
5.77326
6.00528
1.32989
8.33356
4.67992
8.32526
8.1572
2.80171
6.0838
2.31212
3.28502
3.97445
10.8883
2.86804
10.5285
2.93332
-0.643658
-1.25405
4.63318
2.40659
5.99572
-0.372191
-1.06073
6.566
0.516214
-2.75281
1.58379
-1.86466
0.295468
4.44292
0.379377
2.92082
4.29762
1.42112
-0.0703532
1.16782
0.877561
-7.94955
2.88254
-0.884011
-0.714327
4.62923
7.09042
4.97139
6.4669
7.15449
5.60149
6.99463
7.08479
8.37172
11.4164
3.47909
1.65759
2.558
1.44207
-0.171842
4.79067
-8.85951
2.01074
-2.03585
4.50353
-0.0931724
0.502183
-2.88273
7.60458
-0.731171
-7.44975
5.14019
4.50737
4.31916
2.85323
-3.0686
7.45193
-0.0576628
10.7122
2.59227
6.52805
5.39129
1.88815
2.09762
-1.13732
0.734134
12.4666
2.85246
3.13201
3.30864
3.75563
3.48729
7.17171
-2.7491
3.91084
6.75574
2.70551
-1.63277
4.60327
1.85276
3.65874
-4.96984
-0.0225585
7.27422
7.44003
1.71156
8.12468
4.60436
7.85957
4.71593
2.16033
4.87569
-1.20996
10.9144
-2.17028
1.11909
3.66564
4.25314
-0.265449
8.73469
4.47034
2.6665
6.95047
2.98102
3.49566
7.11099
0.224595
4.20228
2.29247
5.54833
0.706865
1.73264
-0.364996
0.152038
8.72285
8.10801
11.6401
0.136568
1.58003
1.639
1.09251
3.38599
5.65832
2.96933
2.08334
13.7788
-1.87573
3.07042
4.54713
5.19429
5.64035
3.64162
10.6676
-0.694954
5.31641
3.33857
-1.90576
2.98155
4.6364
2.4139
-2.07263
-0.0498721
5.60123
4.16459
-0.880493
5.3144
8.05536
-0.827
1.6769
-0.188477
-0.0152187
1.05388
12.39
8.55426
8.39797
1.69711
2.95268
3.1062
-1.20189
-3.61112
6.18093
10.5547
0.411015
1.88384
5.63145
6.65353
4.62819
18.2719
1.23336
8.41427
1.69552
6.13716
-5.29903
-6.1937
-0.933276
1.08849
0.881121
-2.2596
0.201191
11.7997
-1.91869
-2.36748
-0.524619
-0.193704
5.88889
10.8863
4.2392
9.928
9.55205
6.59095
-2.04227
5.98971
1.92419
1.65254
4.82094
-3.3866
6.9829
2.15008
10.0351
5.55156
2.86183
3.98685
-5.45979
2.02337
6.5031
6.24862
8.13688
3.12183
1.87608
-0.308985
-0.995396
5.75798
-0.699076
5.38316
13.2257
3.6553
6.1967
3.04132
5.90401
3.9418
0.0237004
2.69385
1.96687
2.59917
-1.47489
2.2073
1.75935
9.15143
-1.90769
2.4787
0.993903
4.32603
3.45225
-1.46491
6.63399
2.42543
3.49629
3.1637
3.23923
5.86714
3.67997
3.94042
-0.552204
-4.48896
11.2487
4.6981
6.90598
0.558447
1.48583
2.50962
1.62996
2.182
1.9534
0.346468
11.7669
3.80051
5.90493
8.46802
-0.505717
1.44196
1.02154
9.13204
6.3591
-5.03016
0.977832
-1.29531
-3.16287
4.39408
8.56422
3.71178
9.97127
-8.84236
0.54939
3.32428
4.87384
0.441351
7.57323
3.7838
17.0788
4.7952
4.77251
3.36497
2.97526
-2.10874
0.585252
16.4154
6.98543
2.36839
1.30223
3.61294
3.09992
3.7319
2.29603
8.33952
1.73965
-1.91498
4.13788
4.99884
8.22292
2.63941
6.85479
1.99237
-0.087765
2.78571
8.20676
16.7673
