3.33813
3.58078
3.62957
3.289
3.63449
3.41798
3.04205
4.54134
2.92273
1.16782
2.84521
5.32225
3.65332
1.38617
3.50693
3.64176
2.46498
2.51537
3.97814
2.70193
1.97482
3.08304
2.76269
2.88825
4.20468
1.05966
1.40937
2.80528
2.81236
1.52552
3.29245
3.39761
2.95521
3.97472
3.20595
4.14017
2.11229
2.46265
4.25701
2.64902
2.20916
3.15255
3.15351
3.07017
2.3613
4.33411
2.62239
2.91717
3.49442
2.38624
2.95022
3.99696
2.96519
3.66582
3.53687
2.25922
3.5726
3.607
1.92087
2.53037
2.34114
3.26994
3.59363
2.84991
3.5157
3.28983
3.23921
3.38718
3.74024
4.68501
3.06192
3.82739
3.70928
2.58347
3.90141
2.54008
3.23849
2.16413
2.3657
3.09503
3.22179
3.76975
3.78497
2.72411
4.3566
1.96141
1.67239
3.11831
3.75687
2.17785
3.69721
3.64878
1.9935
1.62833
1.33887
2.90073
3.26237
2.97758
2.13396
4.50854
3.38674
2.26312
3.47818
2.64193
1.85426
2.39403
3.27202
2.24431
1.23057
2.58055
3.28671
3.43886
3.86604
4.30538
4.45708
3.57709
2.26672
5.14587
3.19359
2.80868
3.4341
3.40564
4.02299
2.28293
5.11116
3.41658
3.82805
2.78036
3.39972
3.20245
3.78411
2.39312
3.84228
3.79754
2.16239
3.28621
3.35223
2.64022
4.13777
2.81689
2.78719
3.41099
3.42077
3.88079
2.44846
4.96978
3.62645
3.00212
2.81136
3.70073
1.77313
2.32572
3.32288
3.6041
2.88617
3.11449
3.22353
3.63009
4.1056
3.01224
2.52918
3.77087
3.55941
2.92931
2.86142
3.47943
2.28667
3.61996
3.27291
4.11586
3.23293
4.40827
2.91221
2.84101
3.62655
3.16901
3.39523
5.71132
4.02366
2.16581
3.21711
2.66626
4.21196
2.29605
3.708
2.49254
2.30345
3.0252
2.26386
2.7037
3.83325
3.58942
3.60087
3.08405
2.05717
3.27113
1.42301
4.17412
2.09309
2.81689
2.1435
3.94722
3.57649
2.93812
2.81509
3.98215
3.30505
3.32093
2.41998
3.12375
2.90967
5.01457
3.20693
2.40716
3.17192
3.37729
4.03741
2.38674
3.08053
1.85321
1.97482
2.05762
3.69978
2.63441
1.89576
3.74248
2.86097
3.81816
3.10843
2.35479
3.35376
2.29379
3.82521
5.26483
5.38955
1.67976
4.25797
3.1882
3.58116
3.60005
1.97468
2.47978
3.60126
4.61599
5.02708
3.58504
3.0464
2.55407
4.32177
2.36175
3.23426
4.67182
4.11181
4.46309
4.54639
2.84428
2.98962
3.87304
3.57456
3.25826
2.94617
2.86465
3.52464
0.969057
3.49787
3.52592
3.30784
1.61134
3.54488
2.79354
3.21215
2.53037
2.46638
1.30716
2.38593
3.57936
2.61721
3.44901
4.12908
3.41399
1.99996
3.40667
3.53479
2.50625
3.74795
3.91191
2.37847
3.30508
2.7077
2.41549
3.68227
2.51155
3.30606
3.58211
2.80982
3.29334
3.01604
3.20104
4.32997
3.5053
3.18049
3.26143
4.03552
2.31325
2.37034
2.57487
3.20763
3.34208
3.3892
2.61721
3.30085
4.05203
3.14751
4.05735
4.34505
2.81236
3.35689
3.30542
3.62205
4.35832
3.74837
3.93135
2.96783
4.35699
2.49276
3.48191
3.03592
1.48394
2.93898
3.99
2.63728
3.35781
5.1345
3.49322
8.26739
2.249
2.25029
3.63608
3.98459
3.75079
3.88136
3.12588
1.23499
3.89823
4.16669
3.45915
3.7933
1.49228
3.05565
3.15966
3.3804
2.29358
3.16001
3.201
3.1636
3.34036
3.07473
2.00881
0.527904
2.10068
3.59442
2.4312
2.89827
3.13898
0.0240236
3.05879
2.88784
3.92903
1.15401
2.77443
2.58197
2.32911
2.52456
3.15366
3.8287
1.86545
3.68651
4.01484
4.08011
1.86244
2.19311
3.16428
3.62754
2.53337
3.55413
2.74056
2.45956
2.86875
2.79358
3.29396
3.42831
3.98389
2.21097
4.02251
3.35819
2.50264
3.42667
3.97644
3.11185
3.99258
3.38455
3.3376
3.50297
4.50537
1.714
3.06571
2.86494
2.28976
2.88755
1.68377
3.77933
2.15388
3.39165
2.76379
4.23211
2.4491
3.41956
2.84164
4.48873
3.44967
3.07322
3.19261
2.74423
3.16243
3.43134
2.19107
2.10105
4.32286
4.73125
5.61795
4.29627
2.90647
4.12025
3.88059
2.51517
3.09508
3.44496
1.90455
4.47771
2.17265
3.79462
2.72947
4.34671
3.44077
3.72712
3.58297
1.89561
2.10086
2.2766
2.94938
1.73615
0.369641
1.85058
4.15108
2.52803
2.03816
2.84318
4.12631
3.44515
1.71462
2.84747
3.31278
3.58192
3.32724
4.0364
3.39936
4.26408
3.30119
4.19565
4.06862
3.31997
2.22696
3.32058
3.23259
4.79581
4.8809
3.75149
2.63286
2.27472
3.22594
3.9235
19.0332
3.90326
4.00614
2.81254
2.82425
2.61082
2.39473
2.4871
2.10305
4.21106
3.12956
3.43544
4.54502
3.71197
2.27423
3.17183
2.39351
2.55435
2.48401
