5.45229
4.85726
7.32931
3.72706
5.40529
3.40591
1.72603
3.4458
1.95547
3.78956
-1.71352
3.20836
3.79396
1.355
3.67375
3.06037
7.98461
3.82012
3.51761
8.20273
2.80796
2.72776
4.37145
4.26116
3.69022
2.64051
4.11439
4.75628
3.7122
1.94689
2.23204
3.20093
3.10807
5.94622
5.80032
3.43887
2.69198
2.93212
4.39052
2.47163
3.57664
2.25269
-1.5892
5.74759
2.51756
6.83188
3.84917
4.29166
4.12554
6.37015
2.33686
1.79529
3.99833
2.66958
5.68928
3.27586
2.27862
5.00942
1.78849
2.69633
5.60698
4.58069
2.7046
3.27425
3.98296
6.50974
4.92987
3.48601
4.10413
4.5905
2.65665
3.74748
2.34946
3.18233
5.29912
2.88194
2.96528
5.26897
3.21174
7.45745
4.38459
1.94618
4.29141
9.50268
4.77011
2.7091
2.52014
0.375139
4.12894
11.34
6.24815
1.83507
1.34525
3.74479
5.7246
4.06576
4.69142
3.37615
5.42535
3.36026
1.80916
0.840813
10.3461
2.21211
4.49157
4.21176
2.53861
3.42426
4.47077
5.9128
2.85174
3.0209
4.58087
4.83227
1.71674
5.25649
4.1799
5.14904
3.65943
4.96439
5.09722
3.28573
2.2406
3.81467
5.34663
3.78803
-2.85413
2.1344
9.06044
3.80538
10.4181
3.13429
4.05821
2.57161
3.46689
4.34222
2.75801
5.1999
5.36637
3.23986
3.3204
2.75501
4.40686
1.80519
6.72424
5.85699
4.50556
2.9661
1.78775
3.18094
3.58518
4.88491
-0.0020169
4.66734
3.02989
3.85209
3.85784
4.45918
2.67509
4.13281
2.32061
3.33724
0.606293
4.19281
4.356
3.91675
5.96348
1.90176
3.358
2.73001
0.907379
3.26483
4.47599
3.58052
2.59692
2.72613
3.50273
2.02107
4.5326
2.50513
3.68949
1.82756
4.34488
4.45678
2.13539
5.7062
5.96784
3.70747
4.19428
4.72587
3.82812
3.938
3.59349
5.59882
4.96218
3.27196
4.28917
1.46513
3.52355
5.51771
4.23134
3.69823
3.46827
2.66642
3.28945
8.51302
5.40306
1.11431
3.15411
4.38376
3.18639
5.59493
4.72315
9.57994
6.25405
1.57078
5.00011
6.57865
7.82902
2.96134
10.6604
3.85591
3.64466
3.11835
1.95508
3.71995
3.78917
4.82959
2.75309
3.39624
3.34084
4.38629
7.65142
7.04488
2.45581
6.20147
5.62412
3.19014
2.71601
4.69613
3.52969
3.45397
3.27877
4.55108
3.11441
4.93472
2.99044
3.68031
4.09659
3.26285
4.36698
3.06598
5.06203
4.2246
1.60313
2.75326
1.81199
3.98896
1.98143
-0.459134
2.29738
6.91453
5.91793
3.32734
1.83925
5.37352
4.73814
2.62682
10.2868
5.42417
3.8016
3.36346
1.3504
1.37852
3.20993
4.93337
3.63027
3.66588
0.879071
-1.96047
7.00712
4.3842
5.192
3.4651
2.75973
5.2062
5.33263
7.57228
2.67147
5.22481
4.83982
4.08409
3.6138
2.19752
2.45536
2.64436
8.71461
3.04939
4.41117
3.40472
2.17455
3.34574
2.93559
-0.730646
5.51956
4.13285
3.4458
5.63812
3.35597
4.70887
-0.259398
4.3932
3.52631
3.07336
3.29155
3.48598
4.2655
3.29725
4.91964
1.90434
2.42231
1.72878
3.74337
2.75365
3.61857
4.39825
6.19017
1.51985
4.49713
3.68811
2.57279
2.94048
2.96967
4.98395
2.23638
2.65179
4.21087
4.44399
3.11016
4.40574
4.52817
4.70642
5.14858
4.52357
2.64333
1.1356
4.78249
5.43605
5.15271
3.35538
4.06077
3.56322
3.92863
2.92238
1.95796
5.22577
5.93589
6.64281
6.16974
-2.2293
3.20773
2.95955
5.38276
5.95344
6.42883
4.61763
4.81319
4.92585
2.82841
3.58585
3.9821
4.25442
6.13349
2.00358
2.85234
3.20456
3.32359
3.3439
2.83067
2.45536
6.74978
9.95289
6.43414
11.3595
3.60724
0.929639
4.88867
2.39223
2.96598
3.15014
0.430379
3.74723
4.5132
6.22358
2.91941
3.8275
5.75321
4.20142
4.48144
6.19709
6.13349
1.98105
4.092
4.03025
7.38786
4.65072
3.63667
3.62047
4.95674
2.49503
3.03823
3.92309
3.97355
2.1236
3.39493
7.66313
2.9829
1.62379
5.22778
4.98403
1.9207
3.41508
3.2219
2.89687
3.49668
5.30021
3.30525
1.20071
3.94831
1.89412
6.04856
2.8972
0.932515
3.58489
4.17112
3.45659
4.07869
2.90051
6.54322
1.39041
1.55302
0.436797
3.48389
4.33573
5.93814
5.26963
2.80082
6.54915
2.49687
5.06806
3.2722
2.50492
11.9476
3.10939
2.70973
4.25145
2.54928
4.97092
5.62967
2.97514
3.63183
6.46735
2.14005
4.58776
4.77823
3.74812
6.40945
4.39561
4.51658
3.56357
5.13134
4.65375
4.7452
4.99468
2.85613
1.38119
3.53081
5.05354
2.54419
3.14415
4.0817
3.5038
4.45259
2.15044
5.47104
3.22049
1.14605
2.53178
8.95296
5.5944
4.00471
3.29819
2.18663
3.67332
5.60283
5.20439
5.35145
5.66162
2.38889
3.10803
