-4.57768
1.24056
-2.99233
8.55654
13.5462
2.37771
8.25709
-11.6583
6.61196
-5.92285
8.94226
4.34734
15.1625
7.20172
3.63931
3.5969
4.52383
12.9637
6.16266
-1.2435
2.52317
-4.57773
1.62384
3.60999
-15.7993
6.3584
5.45101
0.824293
6.66449
2.01995
4.63274
6.9948
1.91257
8.99187
11.3845
0.486231
-6.41451
9.63771
-4.75244
-4.43327
-3.51323
4.91873
13.4802
10.1367
8.34298
4.92974
10.2145
-3.64913
-3.59682
-3.49394
14.2811
3.58272
7.45914
-0.907265
6.52778
-21.9082
4.39713
-7.19025
-6.15393
-2.94128
7.38202
-12.2355
5.79828
2.02914
10.814
-4.57779
8.33264
3.63926
4.40172
4.98121
-6.60384
4.66155
3.53529
9.73952
-0.246553
12.8902
11.5401
7.85715
7.91994
5.06321
-12.3905
9.32577
0.734392
12.8386
2.43714
-6.81757
7.29937
-2.38028
-6.76916
3.14751
4.26235
9.42876
12.9125
1.87595
-4.39016
0.297537
-2.17212
5.78907
-2.79504
9.80594
1.28635
3.56393
14.4447
-2.75901
-1.75248
-3.26005
-12.8911
9.36439
-3.7544
-5.32099
9.15538
11.9698
4.51338
3.62796
4.05488
3.07849
10.6081
-0.691473
2.94795
8.62194
-0.419824
-2.10256
-11.0128
9.26436
6.26011
0.34361
-3.63703
5.28868
4.84991
8.42944
14.0009
0.530087
4.91139
-1.01019
-5.65715
11.358
9.65087
7.78495
15.3274
-0.920097
12.9465
6.24773
-9.18297
-0.699535
8.48329
16.4209
13.0165
0.293997
-9.74772
7.04063
3.01867
8.62087
6.00066
4.1655
-8.41959
4.6503
14.5766
-3.89213
-5.46652
1.70498
-1.62659
-2.72354
-2.3913
-9.93017
7.75903
-9.94213
2.30975
6.76607
-9.13571
4.98572
3.3897
8.14244
-6.26901
7.69733
-12.1522
4.09387
-7.77191
4.15687
4.30518
-0.765776
-2.4534
17.0475
-0.877119
2.74261
6.93891
6.92016
14.2572
3.42439
7.09353
2.26177
6.81573
-5.2636
3.49687
5.02543
8.31475
13.2751
3.56119
5.59125
4.10577
-8.93282
3.05768
-2.15255
2.31074
-8.68061
9.68854
-3.46309
2.19123
10.7785
4.31498
6.02924
-2.04725
-0.469489
-9.871
4.19857
8.57908
-9.29932
2.9779
-11.9346
10.4066
12.7549
-8.58516
0.0369377
-3.38813
-0.542072
3.58759
-1.29823
4.0091
12.068
0.830061
-15.5519
9.4779
0.0241153
14.382
7.23452
5.58416
12.6949
-9.0101
5.76251
5.82413
12.3846
-13.1668
-7.70909
5.77715
3.92308
-4.53009
11.6293
3.19595
7.03205
12.9729
-5.57769
2.05024
9.75749
-3.25752
4.50294
-6.01404
-2.48589
1.71856
1.6242
1.43072
5.62061
-3.12447
-3.9166
15.2915
0.941755
12.0961
1.15729
3.3002
10.71
-8.15364
9.25798
3.76296
-1.07666
3.71139
-4.42431
-3.35066
10.8306
3.66734
5.14745
-0.435779
4.45618
7.74633
5.25029
-8.79577
-0.755075
0.174478
7.72529
8.98784
-1.00442
3.88591
-8.45508
7.37321
3.88499
5.67548
6.57997
3.73541
5.65771
15.0745
0.259799
7.1143
7.8403
3.4964
1.53927
4.2092
4.49781
2.86671
10.5827
4.2497
-0.772359
5.19695
-4.34884
6.03634
-0.415519
4.16021
3.75718
11.149
-1.99962
-3.58098
0.0425476
-0.234449
8.37887
10.1945
-5.53596
-11.6557
10.2203
14.3465
-3.73972
-0.974554
-2.31561
1.91929
10.1773
-16.21
2.90147
6.88894
-1.00436
3.4433
3.2823
5.69355
16.9778
13.97
7.77885
9.03143
-0.0457833
11.7648
-1.07562
0.850025
-0.814959
11.5383
5.43757
0.481565
1.95671
10.4894
5.94041
13.5603
6.64898
-6.85297
0.608584
-14.4651
5.83253
-3.97681
11.022
-4.69311
-4.71346
5.22482
9.12309
-1.64337
8.15452
12.666
-0.247084
-1.81339
-0.140659
0.37357
-5.16154
2.31278
6.96538
7.5297
8.48329
-3.50965
15.2865
-0.1763
-3.03279
1.06384
-21.0948
4.66879
11.3466
3.73064
-16.6745
8.65962
-7.86772
0.465951
3.56734
8.55476
12.8348
6.85114
11.1892
11.7967
8.24693
-2.65686
-7.41534
8.28447
-2.28334
0.496725
5.10915
10.29
6.94473
11.6251
8.81652
-15.9965
-1.7829
-0.777217
7.11581
11.5826
5.39487
8.73777
1.75466
5.05872
7.45419
-1.28768
0.496406
2.4095
-2.44556
12.0582
-2.27522
-2.75564
1.30785
15.2313
9.98964
5.73196
16.541
5.81312
9.45426
7.69516
6.47606
10.5993
-5.04991
7.25719
6.92198
8.68354
-2.34744
11.464
-5.13136
10.7853
7.66508
-0.786254
8.52265
5.72336
1.47505
10.0115
-4.73201
17.2713
3.34216
2.53519
8.26705
17.9921
7.15542
6.24093
-1.43045
3.46562
-0.105976
7.67149
-2.381
-1.30228
4.32453
3.97666
9.46183
-3.31503
0.741812
6.26187
6.15148
19.2072
6.58327
5.19227
5.54183
10.3324
2.3572
8.43053
1.77849
1.61875
12.1667
5.07615
-1.26365
3.77264
0.804912
-6.14902
-9.69702
13.4003
4.97195
1.85054
11.7351
8.29266
15.1268
3.7372
-1.17537
-2.74152
-5.50707
7.99724
2.69887
10.0829
6.96199
4.26164
8.64244
