6.0331
2.50616
3.7884
2.11328
1.75001
6.81315
6.01524
1.23581
2.45966
4.07126
3.67647
4.89492
2.69201
1.05031
2.1142
4.9052
2.81676
3.05443
3.41332
3.60161
4.79008
3.52571
1.93308
5.15551
4.17983
5.14829
2.46921
5.07677
3.01869
1.9582
8.66341
8.55265
5.13338
2.46335
1.41954
2.98756
1.21886
3.07983
2.75173
6.41024
3.28663
3.14915
1.96763
3.41767
3.18425
0.513504
3.74968
2.80938
1.81205
3.24581
6.64509
3.97856
4.19466
3.35438
3.71818
3.99435
1.14528
3.83655
-1.73345
3.0014
4.00945
3.67939
3.49378
4.1479
2.41657
4.3798
4.69718
4.0602
4.15806
5.18325
5.19323
4.78433
3.68315
3.40401
2.29464
4.94418
3.32113
4.34122
3.44949
3.70614
6.10048
5.00966
3.31353
3.23596
3.01573
3.8234
3.04953
4.23163
1.30187
3.26927
4.78832
1.66066
1.82805
4.12739
4.60662
4.51544
3.35406
3.29468
3.67739
5.09374
3.52632
3.94971
3.4424
4.7182
2.6614
3.96716
4.0208
5.7074
2.84154
3.44032
3.92223
1.92351
3.41427
1.85447
3.2209
8.6829
3.2715
5.26752
-3.1356
2.71224
3.39169
4.05364
7.51245
3.04349
4.01187
2.90557
3.65583
4.165
5.18196
5.19323
3.32242
6.10906
4.18569
4.47992
3.18142
2.91374
4.86516
5.43312
4.26598
5.68538
5.32391
-1.64909
4.69226
5.07106
3.90681
2.70787
-2.09427
4.3938
2.45699
5.50897
3.4508
3.23963
4.27426
3.88314
5.09023
2.84786
1.96634
6.70023
2.6146
1.58268
0.732471
4.0684
3.59331
2.53256
2.79815
1.80966
3.29566
3.50229
3.2933
4.45852
2.83001
4.58884
2.77309
3.32829
4.33721
0.952016
4.31162
4.7623
2.37626
2.86564
3.71166
3.44459
4.75436
4.89328
3.32283
1.62745
2.14079
1.35807
2.78358
3.07446
5.36722
3.40365
2.55483
4.27208
4.32871
1.66906
6.87767
2.96752
4.48267
2.39387
4.14207
5.33576
1.22743
6.46232
4.75712
2.26294
2.98734
3.92276
4.40476
1.63486
-0.76209
3.87794
4.04932
5.11025
2.57282
3.13393
2.39741
2.71291
5.63381
1.80873
2.59873
4.33728
3.95752
3.02542
1.96474
2.96574
2.36822
3.48919
4.04961
3.02929
2.65728
2.38567
4.95561
5.131
2.61905
0.656874
3.51883
4.96251
2.11309
3.81863
4.40404
1.79114
2.74376
3.12448
3.43986
3.45326
8.06059
3.31199
3.89565
4.0697
2.95598
4.38715
1.02925
3.41582
3.93751
2.64106
4.79804
1.91228
4.47579
4.17234
4.14092
3.47858
4.66407
1.71067
3.60828
2.29055
2.85855
3.99259
2.03923
3.89203
1.44395
2.97897
4.69317
2.41523
2.91787
4.2123
1.63166
2.71564
4.95273
5.30896
2.19371
3.88078
2.54546
3.44787
4.6531
4.75898
4.28566
1.51783
5.39885
1.6988
3.36348
3.23618
2.84601
2.53722
3.4728
4.48074
3.69368
4.35612
3.32467
3.12668
2.29054
3.20161
2.51679
2.81669
3.88537
1.32137
3.62466
3.9174
7.47773
2.52926
3.34416
2.11727
3.41527
3.94085
2.69888
3.26566
6.16248
2.35706
5.2331
2.20866
4.29837
6.1206
4.08416
3.69847
3.49486
3.75082
4.33021
4.04663
1.50504
3.16643
4.32437
2.12314
1.3977
4.80579
1.29119
4.75035
1.58785
2.36085
4.34466
2.92357
2.76952
3.49539
2.88387
4.89525
1.95172
3.2769
4.60273
2.36699
1.7823
3.12009
4.15021
1.47821
5.15583
2.9999
2.92634
2.25422
0.520076
4.79274
1.6072
4.17259
2.05283
2.9861
2.83018
4.49475
2.34535
2.12287
3.67471
4.70586
2.98617
2.32851
5.05397
5.78459
1.83647
5.67037
4.20332
4.87621
4.16032
4.38844
1.2276
0.220562
4.41887
1.6097
3.63966
3.96927
1.7369
2.97491
3.57424
2.81163
4.74867
3.42436
3.11525
3.7885
3.444
2.64498
-1.72853
3.77111
2.99545
4.02191
3.10633
2.08891
2.46451
2.27656
4.82348
4.1441
4.54698
3.20542
5.58723
4.13236
2.40084
3.40657
2.79124
4.47342
3.08866
2.06226
3.49637
3.78849
4.15298
3.11837
2.94609
3.37419
3.42902
4.7241
6.04318
3.25048
3.52301
2.72737
2.74559
3.22338
8.98117
3.77079
2.25952
1.86019
4.16557
2.96584
3.41381
5.89936
2.76508
1.50873
2.51657
2.15636
4.78522
3.01889
1.37366
4.95358
6.41033
5.22885
2.88792
1.77531
1.93608
4.23887
1.862
2.54348
8.8653
2.12358
3.75592
3.2425
3.66109
3.47966
1.8387
3.86559
4.57285
3.72665
2.18803
2.37581
5.48695
2.45521
4.21135
4.57357
2.80225
2.48983
4.52576
3.39443
3.93746
3.25582
2.40406
4.30436
4.45842
5.02096
3.46533
4.37033
3.47957
2.72909
8.64542
2.93988
3.26354
5.18531
3.49255
2.35081
10.6251
7.71023
4.1109
1.05699
3.64552
3.49954
1.80737
3.08226
3.6774
3.15146
4.51225
2.46573
