2.16578
2.17305
2.54772
2.05467
-2.68778
3.3122
15.4423
1.42188
4.0227
5.03804
4.68966
5.45895
5.55283
6.55461
1.51027
2.34077
6.22629
4.11559
-12.1792
1.17769
1.01749
1.74557
-4.75189
1.44488
-1.51592
1.61268
6.12083
3.60821
3.4023
4.64372
-11.9162
5.69733
5.1695
8.40049
4.56107
2.77958
-0.794579
5.1149
5.78738
0.237413
3.10155
5.16529
4.34539
3.32505
5.49808
6.98153
1.88788
3.48467
2.59798
2.01332
-0.00162069
3.53511
6.08235
5.86463
-1.05159
7.80935
4.13112
4.95136
4.17119
8.40681
2.42822
3.65232
5.53221
5.669
2.92701
-0.719605
4.39451
0.722256
2.68328
4.87148
5.82575
6.98158
6.11768
6.88563
4.45383
9.03826
4.96313
2.5692
1.51942
2.64067
5.3823
1.01461
5.7066
2.84253
5.28069
2.6284
5.97997
-3.23268
1.81757
11.4334
7.66757
0.838005
5.17106
4.17645
6.81028
3.88858
-9.2288
3.9896
6.52814
4.1735
3.81288
0.825115
4.41256
5.24235
2.79789
5.43936
7.3814
0.732137
6.82943
0.601516
1.02768
1.76702
13.9902
3.28507
3.26392
4.61227
4.66133
1.86612
3.75482
0.88399
6.97037
4.97996
-0.277767
7.30257
-1.00121
-1.27291
3.87467
2.02745
2.93884
5.26904
4.12659
4.2686
1.13488
4.51913
-3.27761
4.01204
2.3284
3.82526
3.0
2.22801
3.7164
3.75949
0.265935
-2.08088
2.67041
-6.69613
7.50781
4.32661
0.205147
-1.76101
3.63709
4.27557
-1.57783
2.79603
3.12459
6.70809
4.67532
0.420645
4.45891
5.22272
2.03554
-0.815887
4.35251
2.08972
1.2695
5.00584
2.66503
2.57285
0.314458
8.94194
-1.17435
7.89286
1.4445
5.37816
4.54488
8.30858
3.15519
8.10221
4.52533
5.16617
-1.57036
5.90722
11.6332
4.07773
2.87934
-0.110181
2.90908
4.98455
3.28027
12.1316
-1.12096
3.19616
3.21136
3.55954
2.16876
1.34252
2.74027
3.21678
5.62244
-0.290545
1.97576
7.98892
4.30268
2.52271
1.65453
-3.03366
2.35029
-1.99113
3.72322
4.38413
2.49242
1.33114
2.97716
7.55575
-0.663218
2.49158
2.13846
5.38154
3.94879
6.11534
3.01921
5.46379
2.57266
4.66556
4.87699
0.883032
2.4427
-0.622821
5.14099
2.82052
4.14719
5.44717
5.22996
-13.3922
4.73197
5.70048
3.62062
8.69006
5.983
6.48573
-1.50217
-3.42093
1.94753
3.97968
0.849709
5.39754
-0.0323046
3.63714
-1.80214
3.70444
4.95963
1.1184
13.4573
0.568039
0.60972
-0.281313
2.5487
4.70988
2.01042
0.451632
5.93214
3.8492
10.7736
5.72097
6.27331
2.74711
3.00612
2.80993
3.75078
2.09084
2.02987
5.34801
3.69356
3.02754
3.35662
3.72108
-0.305746
6.38156
2.81005
2.12961
7.43622
4.84494
1.65483
4.42583
0.942163
1.0981
5.82766
1.56934
5.00696
5.40439
-0.868269
2.81107
2.47482
1.70776
5.46773
-0.110445
4.75501
5.27178
1.89898
4.41177
0.562775
2.97699
5.64332
3.26698
4.47197
3.75171
-8.84087
3.60408
4.8295
2.66807
1.75202
3.89109
2.48396
-0.22925
6.19483
6.3089
5.11016
2.26043
1.88197
2.36282
4.20756
-2.22439
2.28149
3.76391
13.3289
1.07197
5.41682
6.63067
2.3946
-0.482418
0.688917
3.83674
0.372389
-3.33533
2.73968
2.04693
0.111982
3.91003
7.67218
4.92755
4.35703
6.4202
-0.62596
5.92694
1.66918
5.50376
3.7724
4.85854
4.16364
3.53496
7.2123
2.17787
3.74084
0.591468
4.75856
2.03384
2.74234
3.57919
0.220778
-0.906364
4.76631
3.38325
0.963948
3.17217
5.1704
3.31815
6.07204
5.2871
2.45835
2.47264
1.0385
1.68329
0.436993
1.85926
3.98914
4.48997
3.13202
5.60302
4.45966
-0.363779
3.50982
3.75178
3.98257
5.21082
-2.91143
1.03202
3.74641
4.14694
8.87249
4.49912
6.46883
5.55385
5.91227
4.03807
3.35916
2.11704
7.59547
4.15656
15.5145
3.71124
1.39323
7.52783
4.78414
-7.70775
3.26778
1.97085
3.17528
2.26029
2.66741
3.39389
-0.212479
-0.720332
8.6484
-2.58999
6.6864
-5.90012
0.976811
2.32265
2.17026
2.49061
6.61957
7.12894
1.96578
4.90049
5.82608
4.08881
2.75709
5.60342
0.0515736
-10.7628
7.31814
5.09511
8.86528
5.29626
3.50047
2.73302
8.28179
6.22465
2.00493
0.104325
5.36043
2.15303
2.32328
-1.84976
2.39442
4.18816
-0.213585
-9.67592
1.19291
3.55993
3.54359
6.14314
6.34917
6.5948
-1.0685
1.91031
7.31302
4.45473
2.1363
4.46016
2.31402
5.55011
-0.0172093
-0.243348
3.88461
5.00158
6.23732
4.28586
0.936434
6.71687
1.10327
-1.88782
-0.11906
1.84875
4.12814
-1.10429
4.29899
7.8615
2.08131
1.23443
3.25674
2.3525
4.60414
0.572353
0.6441
5.14372
5.94672
4.04904
2.21139
4.32197
0.105103
2.09192
7.87137
3.29925
-1.46762
1.92719
2.77107
4.38392
4.42193
5.46887
