-5.67097
2.35528
-2.59267
2.55037
-0.0345887
2.59874
2.40164
2.22262
-1.99633
13.687
-1.9776
-2.9012
3.1007
-2.67485
2.58788
-1.16471
-2.43728
2.65744
7.64684
3.60432
1.9532
-0.927002
-3.66187
1.84607
-4.2893
-4.58043
6.60022
-2.20919
8.02587
1.67291
4.29042
6.35053
2.8539
-3.7937
-3.83163
-6.62817
-5.1419
-4.96485
4.20354
-1.68909
-1.67977
11.9657
6.94795
0.308724
-1.98981
6.88175
2.79878
-3.73443
8.21007
4.70255
-1.16323
-1.12616
1.88032
1.99792
-0.21281
-4.8762
4.18016
-0.0105596
10.3373
0.0864838
1.72421
6.14313
-1.81465
10.4194
-3.08306
1.49859
-5.1716
0.555301
7.80687
-11.2444
3.59746
-2.62867
0.844569
-2.79287
5.78467
-3.50119
3.11752
2.5067
3.67341
8.05856
2.98975
12.3479
0.842868
5.53364
4.47774
2.4249
0.163837
-2.7706
0.783563
1.91123
7.61235
6.00484
-3.14834
5.81966
-4.17686
1.17313
-0.438424
-2.22909
9.68414
1.81643
-4.5773
13.4974
-1.3329
2.24366
-0.376889
3.59775
18.2534
-4.73992
3.71788
2.51244
2.79565
13.0126
-5.07823
4.43728
-1.69277
0.0964942
2.61522
-1.26738
1.59422
-0.0823825
-5.48528
-1.06769
1.48345
-6.2735
6.83902
-2.53376
-0.723755
0.813939
2.88341
0.572589
-3.91773
-3.37296
4.63163
2.46181
9.52102
0.957705
3.80254
-3.02804
3.12063
-0.86043
5.58279
9.63599
0.323802
-1.35235
-0.39079
-3.73744
1.76812
4.6206
2.29467
2.20745
-2.24373
0.0987256
8.90033
0.00742914
2.90252
0.302756
2.55515
5.96935
-4.49111
-3.26388
7.65559
11.6641
2.72523
-5.13564
-2.85031
2.24371
-0.0119512
1.37858
-0.773944
-3.61718
-1.42101
3.18162
-2.58708
5.00234
2.47394
1.23979
-3.27911
-5.79233
4.72733
-2.87818
9.11697
0.987211
0.364609
0.547298
1.7645
4.88435
-4.10423
18.7549
2.83034
2.55384
14.2272
-1.95993
9.40491
0.728695
2.0702
-5.07172
5.8877
4.72721
2.5643
7.13167
-3.4541
3.93778
0.549176
11.2248
0.636055
0.398636
5.24965
6.73347
4.10533
3.70784
-12.205
-4.36103
1.24865
-3.18913
1.23281
-2.22557
1.15274
-3.36393
4.82679
-1.04651
-3.31611
0.688766
-0.215033
9.76514
4.77839
7.40723
3.3564
1.54234
0.294011
0.216907
0.919978
2.92087
9.23001
3.42038
1.4864
4.68573
-0.32096
1.65671
2.58261
8.11852
-0.539113
6.45582
-4.04506
5.93858
0.504548
13.7709
-0.63838
-1.06273
1.65639
0.554292
-6.31301
-7.68147
5.39099
3.02742
4.99135
5.51989
2.60477
-2.77779
6.42131
1.66774
4.17121
-4.56193
1.74335
4.21024
2.84123
-1.8853
-5.69182
-4.57596
1.67192
0.622228
0.881722
9.20882
-1.60314
0.688683
1.51369
1.70959
-6.49109
-2.06995
10.5501
1.11898
-2.09259
-1.80904
-1.64844
0.904532
7.00124
-1.79206
-3.59025
-0.253335
-2.45887
4.2279
3.10832
-2.0075
8.02911
5.25849
-4.8762
9.44921
-1.80009
-2.16178
-2.33493
3.61875
-10.6411
-0.967097
-6.4898
-2.0647
1.58325
0.332584
9.18303
7.10714
2.40916
3.91425
2.88651
-0.188763
-2.08693
6.53483
1.27988
3.66137
-5.97698
-3.4545
-5.60104
6.23802
4.16638
5.85405
2.48956
12.1404
-1.98575
4.65861
6.00396
-1.60771
1.50001
-7.04077
4.61153
-6.08413
-9.61572
0.621118
5.41538
3.33817
1.19299
3.45301
2.48933
-2.42041
-1.39823
-1.98406
6.26947
3.16563
0.835918
10.4324
1.08824
3.30557
-1.09468
1.45808
9.37124
0.806917
3.67861
10.9088
4.18884
0.408785
2.29369
-3.96548
2.80499
1.25841
6.20468
5.8429
2.84537
-0.000630864
-2.51202
-2.53767
-1.14585
-4.2061
0.304894
-1.41327
2.05124
6.18523
-4.30777
-5.42459
1.36251
-0.432969
-2.73301
0.251751
3.33639
-8.57556
-2.70596
-1.89929
-5.18476
0.387627
-0.0325043
-0.448419
1.3522
-1.21403
0.899925
2.01003
15.4539
-1.6627
4.70258
5.9838
-3.96044
-0.489679
0.551049
2.00123
-2.01493
3.79155
-8.39549
-2.36178
3.5166
-4.66205
-2.73948
-0.422569
-2.11578
-0.133154
3.34113
12.2853
3.65815
-4.00321
-0.593726
5.35028
1.13474
4.49067
-1.51814
-3.68384
1.56286
9.76258
-1.57497
11.1037
-5.08633
-2.41222
-3.79334
-2.45253
8.94283
-0.848773
0.766178
-3.07222
4.95017
5.38771
3.5378
-0.415231
3.01037
5.62785
-5.14374
6.16813
-2.63222
4.46632
7.63301
7.49862
6.96363
-0.716956
2.89456
3.08349
8.59501
4.39031
6.60618
-2.63634
-2.44694
-0.00743125
-0.485087
-2.43242
-1.60673
-4.47104
2.60878
0.14816
1.54187
3.7222
-5.74921
1.84731
-0.918842
-0.0142739
-0.130031
-1.12899
-0.797328
16.0288
-1.24106
5.01109
0.493222
-0.411
-4.62641
3.8222
3.51632
-1.72586
2.7069
-0.362272
1.41682
-3.00018
4.7743
4.4292
-3.88378
-3.38456
-2.62659
1.88279
1.08265
-2.9022
-4.46857
6.71518
8.68627
-5.46139
-4.0401
1.91306
4.01209
-4.4919
1.06605
-4.35078
-1.51198
3.06975
