2
// Initial random seed:
2971370150289

// RunInitializeCallbacks():
initializeMutationRate(1e-06);
initializeMutationType(1, 0.5, "f", 0);
initializeMutationType(2, 0.5, "g", 0.1, 0.05);
initializeMutationType(3, 0.5, "g", -0.1, 0.05);
initializeGenomicElementType(1, c(m1, m2, m3), c(0.9, 0.05, 0.05));
initializeGenomicElement(g1, 0, 999999);
initializeRecombinationRate(c(0.0001, 0.5, 0.0001, 0.5, 0.0001, 0.5, 0.0001, 0.5, 0.0001, 0.5, 0.0001, 0.5, 0.0001, 0.5, 0.0001, 0.5, 0.0001, 0.5, 0.0001, 0.5, 0.0001, 0.5, 0.0001, 0.5, 0.0001, 0.5, 0.0001, 0.5, 0.0001, 0.5, 0.0001, 0.5, 0.0001, 0.5, 0.0001, 0.5, 0.0001, 0.5, 0.0001, 0.5), c(49999, 50000, 99999, 100000, 149999, 150000, 199999, 200000, 249999, 250000, 299999, 300000, 349999, 350000, 399999, 400000, 449999, 450000, 499999, 500000, 549999, 550000, 599999, 600000, 649999, 650000, 699999, 700000, 749999, 750000, 799999, 800000, 849999, 850000, 899999, 900000, 949999, 950000, 999999, 1000000));

// Starting run at tick <start>:
1 

